timestamp,time_utc_usec,lat,lon,alt,alt_ellipsoid,s_variance_m_s,c_variance_rad,eph,epv,hdop,vdop,noise_per_ms,jamming_indicator,vel_m_s,vel_n_m_s,vel_e_m_s,vel_d_m_s,cog_rad,timestamp_time_relative,heading,heading_offset,fix_type,jamming_state,vel_ned_valid,satellites_used,selected
5184000,1763802030682000,401540296,1162593673,58233,58233,0.25,0.5,0.29999998,0.39999998,0.0,0.0,0,0,0.049999997,0.0,0.049999997,-0.099999994,0.0,0,nan,nan,3,0,1,10,0
5232000,1763802030732000,401540296,1162593673,58233,58233,0.25,0.5,0.29999998,0.39999998,0.0,0.0,0,0,0.06,0.0,0.06,-0.11,0.0,0,nan,nan,3,0,1,10,0
5284000,1763802030782000,401540297,1162593690,58099,58099,0.25,0.5,0.29999998,0.39999998,0.0,0.0,0,0,0.04,-0.04,0.01,0.04,0.0,0,nan,nan,3,0,1,10,0
5332000,1763802030832000,401540297,1162593690,58099,58099,0.25,0.5,0.29999998,0.39999998,0.0,0.0,0,0,0.06,-0.06,-0.01,0.099999994,0.0,0,nan,nan,3,0,1,10,0
5384000,1763802030882000,401540297,1162593690,58099,58099,0.25,0.5,0.29999998,0.39999998,0.0,0.0,0,0,0.07,-0.06,-0.02,0.12,0.0,0,nan,nan,3,0,1,10,0
5432000,1763802030932000,401540297,1162593690,58099,58099,0.25,0.5,0.29999998,0.39999998,0.0,0.0,0,0,0.07,-0.07,-0.02,0.13,0.0,0,nan,nan,3,0,1,10,0
5484000,1763802030982000,401540303,1162593680,58226,58226,0.25,0.5,0.29999998,0.39999998,0.0,0.0,0,0,0.04,-0.01,0.03,0.089999996,0.0,0,nan,nan,3,0,1,10,0
5532000,1763802031032000,401540303,1162593680,58226,58226,0.25,0.5,0.29999998,0.39999998,0.0,0.0,0,0,0.049999997,0.01,0.049999997,0.08,0.0,0,nan,nan,3,0,1,10,0
5584000,1763802031082000,401540303,1162593680,58226,58226,0.25,0.5,0.29999998,0.39999998,0.0,0.0,0,0,0.06,0.02,0.06,0.07,0.0,0,nan,nan,3,0,1,10,0
5632000,1763802031132000,401540303,1162593680,58226,58226,0.25,0.5,0.29999998,0.39999998,0.0,0.0,0,0,0.07,0.02,0.06,0.07,0.0,0,nan,nan,3,0,1,10,0
5684000,1763802031182000,401540297,1162593696,58097,58097,0.25,0.5,0.29999998,0.39999998,0.0,0.0,0,0,0.089999996,0.02,0.08,0.04,0.0,0,nan,nan,3,0,1,10,0
5732000,1763802031232000,401540297,1162593696,58097,58097,0.25,0.5,0.29999998,0.39999998,0.0,0.0,0,0,0.099999994,0.03,0.089999996,0.03,0.0,0,nan,nan,3,0,1,10,0
5784000,1763802031282000,401540297,1162593696,58097,58097,0.25,0.5,0.29999998,0.39999998,0.0,0.0,0,0,0.099999994,0.03,0.099999994,0.03,0.0,0,nan,nan,3,0,1,10,0
5832000,1763802031332000,401540297,1162593696,58097,58097,0.25,0.5,0.29999998,0.39999998,0.0,0.0,0,0,0.099999994,0.03,0.099999994,0.03,0.0,0,nan,nan,3,0,1,10,0
5884000,1763802031382000,401540296,1162593670,58196,58196,0.25,0.5,0.29999998,0.39999998,0.0,0.0,0,0,0.06,0.06,-0.02,0.04,0.0,0,nan,nan,3,0,1,10,0
5932000,1763802031432000,401540296,1162593670,58196,58196,0.25,0.5,0.29999998,0.39999998,0.0,0.0,0,0,0.099999994,0.07,-0.07,0.04,0.0,0,nan,nan,3,0,1,10,0
5984000,1763802031482000,401540296,1162593670,58196,58196,0.25,0.5,0.29999998,0.39999998,0.0,0.0,0,0,0.11,0.07,-0.08,0.04,0.0,0,nan,nan,3,0,1,10,0
6032000,1763802031532000,401540296,1162593670,58196,58196,0.25,0.5,0.29999998,0.39999998,0.0,0.0,0,0,0.12,0.08,-0.089999996,0.04,0.0,0,nan,nan,3,0,1,10,0
6084000,1763802031582000,401540310,1162593694,58127,58127,0.25,0.5,0.29999998,0.39999998,0.0,0.0,0,0,0.06,0.04,-0.049999997,-0.08,0.0,0,nan,nan,3,0,1,10,0
6132000,1763802031632000,401540310,1162593694,58127,58127,0.25,0.5,0.29999998,0.39999998,0.0,0.0,0,0,0.04,0.02,-0.04,-0.13,0.0,0,nan,nan,3,0,1,10,0
6184000,1763802031682000,401540310,1162593694,58127,58127,0.25,0.5,0.29999998,0.39999998,0.0,0.0,0,0,0.04,0.02,-0.03,-0.14,0.0,0,nan,nan,3,0,1,10,0
6232000,1763802031732000,401540310,1162593694,58127,58127,0.25,0.5,0.29999998,0.39999998,0.0,0.0,0,0,0.03,0.01,-0.03,-0.14999999,0.0,0,nan,nan,3,0,1,10,0
6284000,1763802031782000,401540305,1162593682,58055,58055,0.25,0.5,0.29999998,0.39999998,0.0,0.0,0,0,0.049999997,0.049999997,0.02,-0.049999997,0.0,0,nan,nan,3,0,1,10,0
6332000,1763802031832000,401540305,1162593682,58055,58055,0.25,0.5,0.29999998,0.39999998,0.0,0.0,0,0,0.07,0.06,0.04,-0.01,0.0,0,nan,nan,3,0,1,10,0
6384000,1763802031882000,401540305,1162593682,58055,58055,0.25,0.5,0.29999998,0.39999998,0.0,0.0,0,0,0.08,0.06,0.04,0.01,0.0,0,nan,nan,3,0,1,10,0
6432000,1763802031932000,401540305,1162593682,58055,58055,0.25,0.5,0.29999998,0.39999998,0.0,0.0,0,0,0.08,0.06,0.049999997,0.01,0.0,0,nan,nan,3,0,1,10,0
6484000,1763802031982000,401540301,1162593694,57866,57866,0.25,0.5,0.29999998,0.39999998,0.0,0.0,0,0,0.02,0.02,-0.01,0.049999997,0.0,0,nan,nan,3,0,1,10,0
6532000,1763802032032000,401540301,1162593694,57866,57866,0.25,0.5,0.29999998,0.39999998,0.0,0.0,0,0,0.03,0.01,-0.03,0.06,0.0,0,nan,nan,3,0,1,10,0
6584000,1763802032082000,401540301,1162593694,57866,57866,0.25,0.5,0.29999998,0.39999998,0.0,0.0,0,0,0.03,0.0,-0.03,0.07,0.0,0,nan,nan,3,0,1,10,0
6632000,1763802032132000,401540301,1162593694,57866,57866,0.25,0.5,0.29999998,0.39999998,0.0,0.0,0,0,0.04,0.0,-0.04,0.07,0.0,0,nan,nan,3,0,1,10,0
6684000,1763802032182000,401540301,1162593678,57901,57901,0.25,0.5,0.29999998,0.39999998,0.0,0.0,0,0,0.04,0.0,0.04,-0.01,0.0,0,nan,nan,3,0,1,10,0
6732000,1763802032232000,401540301,1162593678,57901,57901,0.25,0.5,0.29999998,0.39999998,0.0,0.0,0,0,0.06,0.0,0.06,-0.049999997,0.0,0,nan,nan,3,0,1,10,0
6784000,1763802032282000,401540301,1162593678,57901,57901,0.25,0.5,0.29999998,0.39999998,0.0,0.0,0,0,0.07,0.0,0.07,-0.06,0.0,0,nan,nan,3,0,1,10,0
6832000,1763802032332000,401540301,1162593678,57901,57901,0.25,0.5,0.29999998,0.39999998,0.0,0.0,0,0,0.08,0.0,0.08,-0.06,0.0,0,nan,nan,3,0,1,10,0
6884000,1763802032382000,401540293,1162593683,58113,58113,0.25,0.5,0.29999998,0.39999998,0.0,0.0,0,0,0.08,-0.06,0.06,0.099999994,0.0,0,nan,nan,3,0,1,10,0
6932000,1763802032432000,401540293,1162593683,58113,58113,0.25,0.5,0.29999998,0.39999998,0.0,0.0,0,0,0.089999996,-0.08,0.049999997,0.16,0.0,0,nan,nan,3,0,1,10,0
6984000,1763802032482000,401540293,1162593683,58113,58113,0.25,0.5,0.29999998,0.39999998,0.0,0.0,0,0,0.099999994,-0.089999996,0.049999997,0.19,0.0,0,nan,nan,3,0,1,10,0
7032000,1763802032532000,401540293,1162593683,58113,58113,0.25,0.5,0.29999998,0.39999998,0.0,0.0,0,0,0.099999994,-0.089999996,0.049999997,0.19,0.0,0,nan,nan,3,0,1,10,0
7084000,1763802032582000,401540309,1162593683,58055,58055,0.25,0.5,0.29999998,0.39999998,0.0,0.0,0,0,0.06,-0.049999997,-0.04,0.01,0.0,0,nan,nan,3,0,1,10,0
7132000,1763802032632000,401540309,1162593683,58055,58055,0.25,0.5,0.29999998,0.39999998,0.0,0.0,0,0,0.08,-0.03,-0.07,-0.06,0.0,0,nan,nan,3,0,1,10,0
7184000,1763802032682000,401540309,1162593683,58055,58055,0.25,0.5,0.29999998,0.39999998,0.0,0.0,0,0,0.089999996,-0.02,-0.08,-0.08,0.0,0,nan,nan,3,0,1,10,0
7232000,1763802032732000,401540309,1162593683,58055,58055,0.25,0.5,0.29999998,0.39999998,0.0,0.0,0,0,0.089999996,-0.02,-0.089999996,-0.089999996,0.0,0,nan,nan,3,0,1,10,0
7284000,1763802032782000,401540307,1162593673,57855,57855,0.25,0.5,0.29999998,0.39999998,0.0,0.0,0,0,0.049999997,0.03,-0.04,-0.11,0.0,0,nan,nan,3,0,1,10,0
7332000,1763802032832000,401540307,1162593673,57855,57855,0.25,0.5,0.29999998,0.39999998,0.0,0.0,0,0,0.06,0.049999997,-0.03,-0.12,0.0,0,nan,nan,3,0,1,10,0
7384000,1763802032882000,401540307,1162593673,57855,57855,0.25,0.5,0.29999998,0.39999998,0.0,0.0,0,0,0.06,0.06,-0.02,-0.12,0.0,0,nan,nan,3,0,1,10,0
7432000,1763802032932000,401540307,1162593673,57855,57855,0.25,0.5,0.29999998,0.39999998,0.0,0.0,0,0,0.07,0.06,-0.02,-0.13,0.0,0,nan,nan,3,0,1,10,0
7484000,1763802032982000,401540292,1162593685,57907,57907,0.25,0.5,0.29999998,0.39999998,0.0,0.0,0,0,0.08,0.07,0.04,-0.14,0.0,0,nan,nan,3,0,1,10,0
7532000,1763802033032000,401540292,1162593685,57907,57907,0.25,0.5,0.29999998,0.39999998,0.0,0.0,0,0,0.089999996,0.07,0.06,-0.14,0.0,0,nan,nan,3,0,1,10,0
7584000,1763802033082000,401540292,1162593685,57907,57907,0.25,0.5,0.29999998,0.39999998,0.0,0.0,0,0,0.099999994,0.07,0.07,-0.14,0.0,0,nan,nan,3,0,1,10,0
7632000,1763802033132000,401540292,1162593685,57907,57907,0.25,0.5,0.29999998,0.39999998,0.0,0.0,0,0,0.099999994,0.07,0.07,-0.14,0.0,0,nan,nan,3,0,1,10,0
7684000,1763802033182000,401540309,1162593685,58070,58070,0.25,0.5,0.29999998,0.39999998,0.0,0.0,0,0,0.06,0.049999997,0.04,-0.06,0.0,0,nan,nan,3,0,1,10,0
7732000,1763802033232000,401540309,1162593685,58070,58070,0.25,0.5,0.29999998,0.39999998,0.0,0.0,0,0,0.049999997,0.04,0.03,-0.03,0.0,0,nan,nan,3,0,1,10,0
7784000,1763802033282000,401540309,1162593685,58070,58070,0.25,0.5,0.29999998,0.39999998,0.0,0.0,0,0,0.049999997,0.04,0.03,-0.02,0.0,0,nan,nan,3,0,1,10,0
7832000,1763802033332000,401540309,1162593685,58070,58070,0.25,0.5,0.29999998,0.39999998,0.0,0.0,0,0,0.049999997,0.04,0.03,-0.01,0.0,0,nan,nan,3,0,1,10,0
7884000,1763802033382000,401540294,1162593693,57819,57819,0.25,0.5,0.29999998,0.39999998,0.0,0.0,0,0,0.04,0.03,0.03,-0.11,0.0,0,nan,nan,3,0,1,10,0
7932000,1763802033432000,401540294,1162593693,57819,57819,0.25,0.5,0.29999998,0.39999998,0.0,0.0,0,0,0.04,0.03,0.03,-0.14,0.0,0,nan,nan,3,0,1,10,0
7984000,1763802033482000,401540294,1162593693,57819,57819,0.25,0.5,0.29999998,0.39999998,0.0,0.0,0,0,0.04,0.03,0.03,-0.14999999,0.0,0,nan,nan,3,0,1,10,0
8032000,1763802033532000,401540294,1162593693,57819,57819,0.25,0.5,0.29999998,0.39999998,0.0,0.0,0,0,0.04,0.03,0.03,-0.16,0.0,0,nan,nan,3,0,1,10,0
8084000,1763802033582000,401540300,1162593681,57885,57885,0.25,0.5,0.29999998,0.39999998,0.0,0.0,0,0,0.06,0.04,-0.049999997,-0.17,0.0,0,nan,nan,3,0,1,10,0
8132000,1763802033632000,401540300,1162593681,57885,57885,0.25,0.5,0.29999998,0.39999998,0.0,0.0,0,0,0.089999996,0.04,-0.08,-0.17,0.0,0,nan,nan,3,0,1,10,0
8184000,1763802033682000,401540300,1162593681,57885,57885,0.25,0.5,0.29999998,0.39999998,0.0,0.0,0,0,0.099999994,0.04,-0.089999996,-0.17999999,0.0,0,nan,nan,3,0,1,10,0
8232000,1763802033732000,401540300,1162593681,57885,57885,0.25,0.5,0.29999998,0.39999998,0.0,0.0,0,0,0.099999994,0.04,-0.089999996,-0.17999999,0.0,0,nan,nan,3,0,1,10,0
8284000,1763802033782000,401540301,1162593682,57890,57890,0.25,0.5,0.29999998,0.39999998,0.0,0.0,0,0,0.02,-0.02,0.0,-0.12,0.0,0,nan,nan,3,0,1,10,0
8332000,1763802033832000,401540301,1162593682,57890,57890,0.25,0.5,0.29999998,0.39999998,0.0,0.0,0,0,0.049999997,-0.04,0.03,-0.089999996,0.0,0,nan,nan,3,0,1,10,0
8384000,1763802033882000,401540301,1162593682,57890,57890,0.25,0.5,0.29999998,0.39999998,0.0,0.0,0,0,0.06,-0.049999997,0.04,-0.089999996,0.0,0,nan,nan,3,0,1,10,0
8432000,1763802033932000,401540301,1162593682,57890,57890,0.25,0.5,0.29999998,0.39999998,0.0,0.0,0,0,0.07,-0.049999997,0.04,-0.08,0.0,0,nan,nan,3,0,1,10,0
8484000,1763802033982000,401540307,1162593683,57973,57973,0.25,0.5,0.29999998,0.39999998,0.0,0.0,0,0,0.08,-0.07,-0.02,0.07,0.0,0,nan,nan,3,0,1,10,0
8532000,1763802034032000,401540307,1162593683,57973,57973,0.25,0.5,0.29999998,0.39999998,0.0,0.0,0,0,0.089999996,-0.08,-0.04,0.12,0.0,0,nan,nan,3,0,1,10,0
8584000,1763802034082000,401540307,1162593683,57973,57973,0.25,0.5,0.29999998,0.39999998,0.0,0.0,0,0,0.099999994,-0.08,-0.049999997,0.14,0.0,0,nan,nan,3,0,1,10,0
8632000,1763802034132000,401540307,1162593683,57973,57973,0.25,0.5,0.29999998,0.39999998,0.0,0.0,0,0,0.099999994,-0.089999996,-0.06,0.14999999,0.0,0,nan,nan,3,0,1,10,0
8684000,1763802034182000,401540300,1162593684,58188,58188,0.25,0.5,0.29999998,0.39999998,0.0,0.0,0,0,0.08,0.0,-0.08,0.16,0.0,0,nan,nan,3,0,1,10,0
8732000,1763802034232000,401540300,1162593684,58188,58188,0.25,0.5,0.29999998,0.39999998,0.0,0.0,0,0,0.099999994,0.04,-0.089999996,0.16,0.0,0,nan,nan,3,0,1,10,0
8784000,1763802034282000,401540300,1162593684,58188,58188,0.25,0.5,0.29999998,0.39999998,0.0,0.0,0,0,0.11,0.049999997,-0.099999994,0.16,0.0,0,nan,nan,3,0,1,10,0
8832000,1763802034332000,401540300,1162593684,58188,58188,0.25,0.5,0.29999998,0.39999998,0.0,0.0,0,0,0.11,0.049999997,-0.099999994,0.16,0.0,0,nan,nan,3,0,1,10,0
8884000,1763802034382000,401540302,1162593677,57958,57958,0.25,0.5,0.29999998,0.39999998,0.0,0.0,0,0,0.07,0.03,-0.06,0.02,0.0,0,nan,nan,3,0,1,10,0
8932000,1763802034432000,401540302,1162593677,57958,57958,0.25,0.5,0.29999998,0.39999998,0.0,0.0,0,0,0.049999997,0.02,-0.04,-0.03,0.0,0,nan,nan,3,0,1,10,0
8984000,1763802034482000,401540302,1162593677,57958,57958,0.25,0.5,0.29999998,0.39999998,0.0,0.0,0,0,0.04,0.02,-0.04,-0.049999997,0.0,0,nan,nan,3,0,1,10,0
9032000,1763802034532000,401540302,1162593677,57958,57958,0.25,0.5,0.29999998,0.39999998,0.0,0.0,0,0,0.04,0.02,-0.03,-0.049999997,0.0,0,nan,nan,3,0,1,10,0
9084000,1763802034582000,401540298,1162593683,57923,57923,0.25,0.5,0.29999998,0.39999998,0.0,0.0,0,0,0.049999997,-0.049999997,0.02,-0.11,0.0,0,nan,nan,3,0,1,10,0
9132000,1763802034632000,401540298,1162593683,57923,57923,0.25,0.5,0.29999998,0.39999998,0.0,0.0,0,0,0.08,-0.07,0.04,-0.13,0.0,0,nan,nan,3,0,1,10,0
9184000,1763802034682000,401540298,1162593683,57923,57923,0.25,0.5,0.29999998,0.39999998,0.0,0.0,0,0,0.089999996,-0.08,0.049999997,-0.14,0.0,0,nan,nan,3,0,1,10,0
9232000,1763802034732000,401540298,1162593683,57923,57923,0.25,0.5,0.29999998,0.39999998,0.0,0.0,0,0,0.099999994,-0.08,0.049999997,-0.14,0.0,0,nan,nan,3,0,1,10,0
9284000,1763802034782000,401540303,1162593687,58218,58218,0.25,0.5,0.29999998,0.39999998,0.0,0.0,0,0,0.02,-0.02,-0.02,-0.049999997,0.0,0,nan,nan,3,0,1,10,0
9332000,1763802034832000,401540303,1162593687,58218,58218,0.25,0.5,0.29999998,0.39999998,0.0,0.0,0,0,0.04,0.01,-0.04,-0.02,0.0,0,nan,nan,3,0,1,10,0
9384000,1763802034882000,401540303,1162593687,58218,58218,0.25,0.5,0.29999998,0.39999998,0.0,0.0,0,0,0.049999997,0.01,-0.049999997,0.0,0.0,0,nan,nan,3,0,1,10,0
9432000,1763802034932000,401540303,1162593687,58218,58218,0.25,0.5,0.29999998,0.39999998,0.0,0.0,0,0,0.06,0.02,-0.049999997,0.0,0.0,0,nan,nan,3,0,1,10,0
9484000,1763802034982000,401540311,1162593689,58063,58063,0.25,0.5,0.29999998,0.39999998,0.0,0.0,0,0,0.049999997,-0.03,-0.04,-0.03,0.0,0,nan,nan,3,0,1,10,0
9532000,1763802035032000,401540311,1162593689,58063,58063,0.25,0.5,0.29999998,0.39999998,0.0,0.0,0,0,0.06,-0.049999997,-0.03,-0.04,0.0,0,nan,nan,3,0,1,10,0
9584000,1763802035082000,401540311,1162593689,58063,58063,0.25,0.5,0.29999998,0.39999998,0.0,0.0,0,0,0.07,-0.06,-0.03,-0.04,0.0,0,nan,nan,3,0,1,10,0
9632000,1763802035132000,401540311,1162593689,58063,58063,0.25,0.5,0.29999998,0.39999998,0.0,0.0,0,0,0.07,-0.06,-0.03,-0.049999997,0.0,0,nan,nan,3,0,1,10,0
9684000,1763802035182000,401540292,1162593670,57982,57982,0.25,0.5,0.29999998,0.39999998,0.0,0.0,0,0,0.06,-0.049999997,-0.04,0.0,0.0,0,nan,nan,3,0,1,10,0
9732000,1763802035232000,401540292,1162593670,57982,57982,0.25,0.5,0.29999998,0.39999998,0.0,0.0,0,0,0.06,-0.049999997,-0.04,0.01,0.0,0,nan,nan,3,0,1,10,0
9784000,1763802035282000,401540292,1162593670,57982,57982,0.25,0.5,0.29999998,0.39999998,0.0,0.0,0,0,0.06,-0.04,-0.04,0.02,0.0,0,nan,nan,3,0,1,10,0
9832000,1763802035332000,401540292,1162593670,57982,57982,0.25,0.5,0.29999998,0.39999998,0.0,0.0,0,0,0.06,-0.04,-0.04,0.02,0.0,0,nan,nan,3,0,1,10,0
9884000,1763802035382000,401540298,1162593682,58065,58065,0.25,0.5,0.29999998,0.39999998,0.0,0.0,0,0,0.04,0.04,0.0,-0.049999997,0.0,0,nan,nan,3,0,1,10,0
9932000,1763802035432000,401540298,1162593682,58065,58065,0.25,0.5,0.29999998,0.39999998,0.0,0.0,0,0,0.07,0.07,0.02,-0.08,0.0,0,nan,nan,3,0,1,10,0
9984000,1763802035482000,401540298,1162593682,58065,58065,0.25,0.5,0.29999998,0.39999998,0.0,0.0,0,0,0.089999996,0.08,0.02,-0.08,0.0,0,nan,nan,3,0,1,10,0
10032000,1763802035532000,401540298,1162593682,58065,58065,0.25,0.5,0.29999998,0.39999998,0.0,0.0,0,0,0.089999996,0.089999996,0.03,-0.089999996,0.0,0,nan,nan,3,0,1,10,0
10084000,1763802035582000,401540306,1162593688,57887,57887,0.25,0.5,0.29999998,0.39999998,0.0,0.0,0,0,0.049999997,0.049999997,0.01,0.089999996,0.0,0,nan,nan,3,0,1,10,0
10132000,1763802035632000,401540306,1162593688,57887,57887,0.25,0.5,0.29999998,0.39999998,0.0,0.0,0,0,0.04,0.03,0.01,0.16,0.0,0,nan,nan,3,0,1,10,0
10184000,1763802035682000,401540306,1162593688,57887,57887,0.25,0.5,0.29999998,0.39999998,0.0,0.0,0,0,0.03,0.03,0.01,0.17999999,0.0,0,nan,nan,3,0,1,10,0
10232000,1763802035732000,401540306,1162593688,57887,57887,0.25,0.5,0.29999998,0.39999998,0.0,0.0,0,0,0.03,0.03,0.0,0.19,0.0,0,nan,nan,3,0,1,10,0
10284000,1763802035782000,401540304,1162593678,58171,58171,0.25,0.5,0.29999998,0.39999998,0.0,0.0,0,0,0.04,0.03,-0.02,-0.049999997,0.0,0,nan,nan,3,0,1,10,0
10332000,1763802035832000,401540304,1162593678,58171,58171,0.25,0.5,0.29999998,0.39999998,0.0,0.0,0,0,0.04,0.03,-0.03,-0.14,0.0,0,nan,nan,3,0,1,10,0
10384000,1763802035882000,401540304,1162593678,58171,58171,0.25,0.5,0.29999998,0.39999998,0.0,0.0,0,0,0.049999997,0.03,-0.03,-0.17,0.0,0,nan,nan,3,0,1,10,0
10432000,1763802035932000,401540304,1162593678,58171,58171,0.25,0.5,0.29999998,0.39999998,0.0,0.0,0,0,0.049999997,0.04,-0.03,-0.19,0.0,0,nan,nan,3,0,1,10,0
10484000,1763802035982000,401540294,1162593677,58009,58009,0.25,0.5,0.29999998,0.39999998,0.0,0.0,0,0,0.06,-0.049999997,0.03,0.01,0.0,0,nan,nan,3,0,1,10,0
10532000,1763802036032000,401540294,1162593677,58009,58009,0.25,0.5,0.29999998,0.39999998,0.0,0.0,0,0,0.089999996,-0.08,0.049999997,0.08,0.0,0,nan,nan,3,0,1,10,0
10584000,1763802036082000,401540294,1162593677,58009,58009,0.25,0.5,0.29999998,0.39999998,0.0,0.0,0,0,0.11,-0.089999996,0.06,0.11,0.0,0,nan,nan,3,0,1,10,0
10632000,1763802036132000,401540294,1162593677,58009,58009,0.25,0.5,0.29999998,0.39999998,0.0,0.0,0,0,0.11,-0.089999996,0.06,0.12,0.0,0,nan,nan,3,0,1,10,0
10684000,1763802036182000,401540300,1162593696,58145,58145,0.25,0.5,0.29999998,0.39999998,0.0,0.0,0,0,0.03,0.03,0.02,0.03,0.0,0,nan,nan,3,0,1,10,0
10732000,1763802036232000,401540300,1162593696,58145,58145,0.25,0.5,0.29999998,0.39999998,0.0,0.0,0,0,0.07,0.07,0.0,-0.01,0.0,0,nan,nan,3,0,1,10,0
10784000,1763802036282000,401540300,1162593696,58145,58145,0.25,0.5,0.29999998,0.39999998,0.0,0.0,0,0,0.089999996,0.089999996,0.0,-0.02,0.0,0,nan,nan,3,0,1,10,0
10832000,1763802036332000,401540300,1162593696,58145,58145,0.25,0.5,0.29999998,0.39999998,0.0,0.0,0,0,0.089999996,0.089999996,0.0,-0.02,0.0,0,nan,nan,3,0,1,10,0
10884000,1763802036382000,401540299,1162593675,57831,57831,0.25,0.5,0.29999998,0.39999998,0.0,0.0,0,0,0.04,-0.02,0.03,-0.06,0.0,0,nan,nan,3,0,1,10,0
10932000,1763802036432000,401540299,1162593675,57831,57831,0.25,0.5,0.29999998,0.39999998,0.0,0.0,0,0,0.08,-0.07,0.04,-0.08,0.0,0,nan,nan,3,0,1,10,0
10984000,1763802036482000,401540299,1162593675,57831,57831,0.25,0.5,0.29999998,0.39999998,0.0,0.0,0,0,0.099999994,-0.08,0.049999997,-0.08,0.0,0,nan,nan,3,0,1,10,0
11032000,1763802036532000,401540299,1162593675,57831,57831,0.25,0.5,0.29999998,0.39999998,0.0,0.0,0,0,0.099999994,-0.089999996,0.049999997,-0.08,0.0,0,nan,nan,3,0,1,10,0
11084000,1763802036582000,401540298,1162593674,58138,58138,0.25,0.5,0.29999998,0.39999998,0.0,0.0,0,0,0.04,0.01,0.04,-0.049999997,0.0,0,nan,nan,3,0,1,10,0
11132000,1763802036632000,401540298,1162593674,58138,58138,0.25,0.5,0.29999998,0.39999998,0.0,0.0,0,0,0.06,0.049999997,0.04,-0.04,0.0,0,nan,nan,3,0,1,10,0
11184000,1763802036682000,401540298,1162593674,58138,58138,0.25,0.5,0.29999998,0.39999998,0.0,0.0,0,0,0.07,0.06,0.03,-0.03,0.0,0,nan,nan,3,0,1,10,0
11232000,1763802036732000,401540298,1162593674,58138,58138,0.25,0.5,0.29999998,0.39999998,0.0,0.0,0,0,0.07,0.07,0.03,-0.03,0.0,0,nan,nan,3,0,1,10,0
11284000,1763802036782000,401540307,1162593683,57986,57986,0.25,0.5,0.29999998,0.39999998,0.0,0.0,0,0,0.04,0.04,0.0,-0.06,0.0,0,nan,nan,3,0,1,10,0
11332000,1763802036832000,401540307,1162593683,57986,57986,0.25,0.5,0.29999998,0.39999998,0.0,0.0,0,0,0.03,0.02,-0.01,-0.07,0.0,0,nan,nan,3,0,1,10,0
11384000,1763802036882000,401540307,1162593683,57986,57986,0.25,0.5,0.29999998,0.39999998,0.0,0.0,0,0,0.02,0.02,-0.01,-0.07,0.0,0,nan,nan,3,0,1,10,0
11432000,1763802036932000,401540307,1162593683,57986,57986,0.25,0.5,0.29999998,0.39999998,0.0,0.0,0,0,0.02,0.02,-0.02,-0.08,0.0,0,nan,nan,3,0,1,10,0
11484000,1763802036982000,401540309,1162593692,58010,58010,0.25,0.5,0.29999998,0.39999998,0.0,0.0,0,0,0.06,-0.01,0.06,0.08,0.0,0,nan,nan,3,0,1,10,0
11532000,1763802037032000,401540309,1162593692,58010,58010,0.25,0.5,0.29999998,0.39999998,0.0,0.0,0,0,0.089999996,-0.03,0.08,0.14,0.0,0,nan,nan,3,0,1,10,0
11632000,1763802037132000,401540309,1162593692,58010,58010,0.25,0.5,0.29999998,0.39999998,0.0,0.0,0,0,0.099999994,-0.03,0.099999994,0.16,0.0,0,nan,nan,3,0,1,10,0
11685000,1763802037182000,401540302,1162593694,58179,58179,0.25,0.5,0.29999998,0.39999998,0.0,0.0,0,0,0.07,0.04,0.049999997,0.08,0.0,0,nan,nan,3,0,1,10,0
11732000,1763802037232000,401540302,1162593694,58179,58179,0.25,0.5,0.29999998,0.39999998,0.0,0.0,0,0,0.08,0.07,0.04,0.049999997,0.0,0,nan,nan,3,0,1,10,0
11781000,1763802037282000,401540302,1162593694,58179,58179,0.25,0.5,0.29999998,0.39999998,0.0,0.0,0,0,0.08,0.08,0.03,0.04,0.0,0,nan,nan,3,0,1,10,0
11832000,1763802037332000,401540302,1162593694,58179,58179,0.25,0.5,0.29999998,0.39999998,0.0,0.0,0,0,0.089999996,0.08,0.03,0.03,0.0,0,nan,nan,3,0,1,10,0
11884000,1763802037382000,401540292,1162593690,58054,58054,0.25,0.5,0.29999998,0.39999998,0.0,0.0,0,0,0.02,0.01,-0.02,-0.06,0.0,0,nan,nan,3,0,1,10,0
11932000,1763802037432000,401540292,1162593690,58054,58054,0.25,0.5,0.29999998,0.39999998,0.0,0.0,0,0,0.04,-0.01,-0.04,-0.089999996,0.0,0,nan,nan,3,0,1,10,0
11984000,1763802037482000,401540292,1162593690,58054,58054,0.25,0.5,0.29999998,0.39999998,0.0,0.0,0,0,0.049999997,-0.02,-0.04,-0.099999994,0.0,0,nan,nan,3,0,1,10,0
12032000,1763802037532000,401540292,1162593690,58054,58054,0.25,0.5,0.29999998,0.39999998,0.0,0.0,0,0,0.049999997,-0.02,-0.04,-0.11,0.0,0,nan,nan,3,0,1,10,0
12084000,1763802037582000,401540308,1162593681,57884,57884,0.25,0.5,0.29999998,0.39999998,0.0,0.0,0,0,0.089999996,-0.07,-0.06,0.01,0.0,0,nan,nan,3,0,1,10,0
12132000,1763802037632000,401540308,1162593681,57884,57884,0.25,0.5,0.29999998,0.39999998,0.0,0.0,0,0,0.11,-0.08,-0.07,0.06,0.0,0,nan,nan,3,0,1,10,0
12184000,1763802037682000,401540308,1162593681,57884,57884,0.25,0.5,0.29999998,0.39999998,0.0,0.0,0,0,0.11,-0.089999996,-0.07,0.07,0.0,0,nan,nan,3,0,1,10,0
12232000,1763802037732000,401540308,1162593681,57884,57884,0.25,0.5,0.29999998,0.39999998,0.0,0.0,0,0,0.12,-0.089999996,-0.07,0.08,0.0,0,nan,nan,3,0,1,10,0
12284000,1763802037782000,401540307,1162593682,57986,57986,0.25,0.5,0.29999998,0.39999998,0.0,0.0,0,0,0.049999997,0.0,-0.049999997,0.16,0.0,0,nan,nan,3,0,1,10,0
12332000,1763802037832000,401540307,1162593682,57986,57986,0.25,0.5,0.29999998,0.39999998,0.0,0.0,0,0,0.049999997,0.03,-0.04,0.17999999,0.0,0,nan,nan,3,0,1,10,0
12384000,1763802037882000,401540307,1162593682,57986,57986,0.25,0.5,0.29999998,0.39999998,0.0,0.0,0,0,0.049999997,0.04,-0.04,0.19999999,0.0,0,nan,nan,3,0,1,10,0
12432000,1763802037932000,401540307,1162593682,57986,57986,0.25,0.5,0.29999998,0.39999998,0.0,0.0,0,0,0.06,0.04,-0.04,0.19999999,0.0,0,nan,nan,3,0,1,10,0
12484000,1763802037982000,401540308,1162593672,58160,58160,0.25,0.5,0.29999998,0.39999998,0.0,0.0,0,0,0.03,-0.02,0.02,0.089999996,0.0,0,nan,nan,3,0,1,10,0
12532000,1763802038032000,401540308,1162593672,58160,58160,0.25,0.5,0.29999998,0.39999998,0.0,0.0,0,0,0.06,-0.04,0.049999997,0.049999997,0.0,0,nan,nan,3,0,1,10,0
12584000,1763802038082000,401540308,1162593672,58160,58160,0.25,0.5,0.29999998,0.39999998,0.0,0.0,0,0,0.07,-0.049999997,0.049999997,0.04,0.0,0,nan,nan,3,0,1,10,0
12632000,1763802038132000,401540308,1162593672,58160,58160,0.25,0.5,0.29999998,0.39999998,0.0,0.0,0,0,0.08,-0.049999997,0.06,0.03,0.0,0,nan,nan,3,0,1,10,0
12684000,1763802038182000,401540304,1162593672,58062,58062,0.25,0.5,0.29999998,0.39999998,0.0,0.0,0,0,0.06,-0.06,0.0,-0.089999996,0.0,0,nan,nan,3,0,1,10,0
12732000,1763802038232000,401540304,1162593672,58062,58062,0.25,0.5,0.29999998,0.39999998,0.0,0.0,0,0,0.06,-0.06,-0.02,-0.13,0.0,0,nan,nan,3,0,1,10,0
12784000,1763802038282000,401540304,1162593672,58062,58062,0.25,0.5,0.29999998,0.39999998,0.0,0.0,0,0,0.07,-0.06,-0.03,-0.14999999,0.0,0,nan,nan,3,0,1,10,0
12832000,1763802038332000,401540304,1162593672,58062,58062,0.25,0.5,0.29999998,0.39999998,0.0,0.0,0,0,0.07,-0.06,-0.03,-0.14999999,0.0,0,nan,nan,3,0,1,10,0
12884000,1763802038382000,401540297,1162593690,58073,58073,0.25,0.5,0.29999998,0.39999998,0.0,0.0,0,0,0.04,0.04,-0.01,0.02,0.0,0,nan,nan,3,0,1,10,0
12932000,1763802038432000,401540297,1162593690,58073,58073,0.25,0.5,0.29999998,0.39999998,0.0,0.0,0,0,0.07,0.07,0.0,0.08,0.0,0,nan,nan,3,0,1,10,0
12984000,1763802038482000,401540297,1162593690,58073,58073,0.25,0.5,0.29999998,0.39999998,0.0,0.0,0,0,0.089999996,0.089999996,0.01,0.099999994,0.0,0,nan,nan,3,0,1,10,0
13032000,1763802038532000,401540297,1162593690,58073,58073,0.25,0.5,0.29999998,0.39999998,0.0,0.0,0,0,0.089999996,0.089999996,0.01,0.11,0.0,0,nan,nan,3,0,1,10,0
13084000,1763802038582000,401540306,1162593673,58033,58033,0.25,0.5,0.29999998,0.39999998,0.0,0.0,0,0,0.049999997,0.049999997,0.0,0.12,0.0,0,nan,nan,3,0,1,10,0
13132000,1763802038632000,401540306,1162593673,58033,58033,0.25,0.5,0.29999998,0.39999998,0.0,0.0,0,0,0.04,0.04,0.0,0.13,0.0,0,nan,nan,3,0,1,10,0
13184000,1763802038682000,401540306,1162593673,58033,58033,0.25,0.5,0.29999998,0.39999998,0.0,0.0,0,0,0.03,0.03,0.0,0.13,0.0,0,nan,nan,3,0,1,10,0
13232000,1763802038732000,401540306,1162593673,58033,58033,0.25,0.5,0.29999998,0.39999998,0.0,0.0,0,0,0.03,0.03,0.0,0.13,0.0,0,nan,nan,3,0,1,10,0
13284000,1763802038782000,401540300,1162593691,58127,58127,0.25,0.5,0.29999998,0.39999998,0.0,0.0,0,0,0.01,0.01,0.0,0.01,0.0,0,nan,nan,3,0,1,10,0
13332000,1763802038832000,401540300,1162593691,58127,58127,0.25,0.5,0.29999998,0.39999998,0.0,0.0,0,0,0.0,0.0,0.0,-0.03,0.0,0,nan,nan,3,0,1,10,0
13384000,1763802038882000,401540300,1162593691,58127,58127,0.25,0.5,0.29999998,0.39999998,0.0,0.0,0,0,0.0,0.0,0.0,-0.049999997,0.0,0,nan,nan,3,0,1,10,0
13432000,1763802038932000,401540300,1162593691,58127,58127,0.25,0.5,0.29999998,0.39999998,0.0,0.0,0,0,0.0,0.0,0.0,-0.06,0.0,0,nan,nan,3,0,1,10,0
13484000,1763802038982000,401540306,1162593671,58046,58046,0.25,0.5,0.29999998,0.39999998,0.0,0.0,0,0,0.03,-0.03,0.01,0.089999996,0.0,0,nan,nan,3,0,1,10,0
13532000,1763802039032000,401540306,1162593671,58046,58046,0.25,0.5,0.29999998,0.39999998,0.0,0.0,0,0,0.04,-0.04,0.01,0.14,0.0,0,nan,nan,3,0,1,10,0
13584000,1763802039082000,401540306,1162593671,58046,58046,0.25,0.5,0.29999998,0.39999998,0.0,0.0,0,0,0.049999997,-0.04,0.01,0.16,0.0,0,nan,nan,3,0,1,10,0
13632000,1763802039132000,401540306,1162593671,58046,58046,0.25,0.5,0.29999998,0.39999998,0.0,0.0,0,0,0.049999997,-0.049999997,0.01,0.17,0.0,0,nan,nan,3,0,1,10,0
13684000,1763802039182000,401540294,1162593686,58088,58088,0.25,0.5,0.29999998,0.39999998,0.0,0.0,0,0,0.03,-0.02,-0.02,-0.049999997,0.0,0,nan,nan,3,0,1,10,0
13732000,1763802039232000,401540294,1162593686,58088,58088,0.25,0.5,0.29999998,0.39999998,0.0,0.0,0,0,0.03,-0.01,-0.03,-0.13,0.0,0,nan,nan,3,0,1,10,0
13784000,1763802039282000,401540294,1162593686,58088,58088,0.25,0.5,0.29999998,0.39999998,0.0,0.0,0,0,0.03,-0.01,-0.03,-0.16,0.0,0,nan,nan,3,0,1,10,0
13832000,1763802039332000,401540294,1162593686,58088,58088,0.25,0.5,0.29999998,0.39999998,0.0,0.0,0,0,0.03,-0.01,-0.03,-0.17,0.0,0,nan,nan,3,0,1,10,0
13884000,1763802039382000,401540301,1162593682,58126,58126,0.25,0.5,0.29999998,0.39999998,0.0,0.0,0,0,0.02,0.02,0.0,-0.17999999,0.0,0,nan,nan,3,0,1,10,0
13932000,1763802039432000,401540301,1162593682,58126,58126,0.25,0.5,0.29999998,0.39999998,0.0,0.0,0,0,0.03,0.03,0.01,-0.17999999,0.0,0,nan,nan,3,0,1,10,0
13984000,1763802039482000,401540301,1162593682,58126,58126,0.25,0.5,0.29999998,0.39999998,0.0,0.0,0,0,0.04,0.03,0.01,-0.17999999,0.0,0,nan,nan,3,0,1,10,0
14032000,1763802039532000,401540301,1162593682,58126,58126,0.25,0.5,0.29999998,0.39999998,0.0,0.0,0,0,0.04,0.04,0.02,-0.17999999,0.0,0,nan,nan,3,0,1,10,0
14084000,1763802039582000,401540303,1162593683,58064,58064,0.25,0.5,0.29999998,0.39999998,0.0,0.0,0,0,0.04,0.03,-0.03,-0.19,0.0,0,nan,nan,3,0,1,10,0
14132000,1763802039632000,401540303,1162593683,58064,58064,0.25,0.5,0.29999998,0.39999998,0.0,0.0,0,0,0.06,0.03,-0.049999997,-0.19,0.0,0,nan,nan,3,0,1,10,0
14184000,1763802039682000,401540303,1162593683,58064,58064,0.25,0.5,0.29999998,0.39999998,0.0,0.0,0,0,0.06,0.03,-0.049999997,-0.19,0.0,0,nan,nan,3,0,1,10,0
14232000,1763802039732000,401540303,1162593683,58064,58064,0.25,0.5,0.29999998,0.39999998,0.0,0.0,0,0,0.06,0.03,-0.06,-0.19,0.0,0,nan,nan,3,0,1,10,0
14284000,1763802039782000,401540293,1162593695,58207,58207,0.25,0.5,0.29999998,0.39999998,0.0,0.0,0,0,0.01,0.01,0.0,-0.01,0.0,0,nan,nan,3,0,1,10,0
14332000,1763802039832000,401540293,1162593695,58207,58207,0.25,0.5,0.29999998,0.39999998,0.0,0.0,0,0,0.02,0.01,0.02,0.06,0.0,0,nan,nan,3,0,1,10,0
14384000,1763802039882000,401540293,1162593695,58207,58207,0.25,0.5,0.29999998,0.39999998,0.0,0.0,0,0,0.03,0.0,0.03,0.08,0.0,0,nan,nan,3,0,1,10,0
14432000,1763802039932000,401540293,1162593695,58207,58207,0.25,0.5,0.29999998,0.39999998,0.0,0.0,0,0,0.03,0.0,0.03,0.089999996,0.0,0,nan,nan,3,0,1,10,0
14484000,1763802039982000,401540300,1162593691,58245,58245,0.25,0.5,0.29999998,0.39999998,0.0,0.0,0,0,0.06,0.03,-0.049999997,0.089999996,0.0,0,nan,nan,3,0,1,10,0
14532000,1763802040032000,401540300,1162593691,58245,58245,0.25,0.5,0.29999998,0.39999998,0.0,0.0,0,0,0.089999996,0.049999997,-0.08,0.089999996,0.0,0,nan,nan,3,0,1,10,0
14584000,1763802040082000,401540300,1162593691,58245,58245,0.25,0.5,0.29999998,0.39999998,0.0,0.0,0,0,0.099999994,0.049999997,-0.089999996,0.089999996,0.0,0,nan,nan,3,0,1,10,0
14632000,1763802040132000,401540300,1162593691,58245,58245,0.25,0.5,0.29999998,0.39999998,0.0,0.0,0,0,0.11,0.049999997,-0.099999994,0.089999996,0.0,0,nan,nan,3,0,1,10,0
14684000,1763802040182000,401540293,1162593688,57980,57980,0.25,0.5,0.29999998,0.39999998,0.0,0.0,0,0,0.049999997,0.04,0.03,0.02,0.0,0,nan,nan,3,0,1,10,0
14732000,1763802040232000,401540293,1162593688,57980,57980,0.25,0.5,0.29999998,0.39999998,0.0,0.0,0,0,0.08,0.04,0.07,-0.01,0.0,0,nan,nan,3,0,1,10,0
14784000,1763802040282000,401540293,1162593688,57980,57980,0.25,0.5,0.29999998,0.39999998,0.0,0.0,0,0,0.099999994,0.04,0.089999996,-0.02,0.0,0,nan,nan,3,0,1,10,0
14832000,1763802040332000,401540293,1162593688,57980,57980,0.25,0.5,0.29999998,0.39999998,0.0,0.0,0,0,0.099999994,0.04,0.089999996,-0.02,0.0,0,nan,nan,3,0,1,10,0
14884000,1763802040382000,401540298,1162593693,57982,57982,0.25,0.5,0.29999998,0.39999998,0.0,0.0,0,0,0.04,0.04,0.01,-0.12,0.0,0,nan,nan,3,0,1,10,0
14932000,1763802040432000,401540298,1162593693,57982,57982,0.25,0.5,0.29999998,0.39999998,0.0,0.0,0,0,0.049999997,0.04,-0.03,-0.14999999,0.0,0,nan,nan,3,0,1,10,0
14984000,1763802040482000,401540298,1162593693,57982,57982,0.25,0.5,0.29999998,0.39999998,0.0,0.0,0,0,0.06,0.04,-0.04,-0.17,0.0,0,nan,nan,3,0,1,10,0
15032000,1763802040532000,401540298,1162593693,57982,57982,0.25,0.5,0.29999998,0.39999998,0.0,0.0,0,0,0.06,0.04,-0.04,-0.17,0.0,0,nan,nan,3,0,1,10,0
15084000,1763802040582000,401540297,1162593689,58098,58098,0.25,0.5,0.29999998,0.39999998,0.0,0.0,0,0,0.01,0.01,-0.01,-0.049999997,0.0,0,nan,nan,3,0,1,10,0
15132000,1763802040632000,401540297,1162593689,58098,58098,0.25,0.5,0.29999998,0.39999998,0.0,0.0,0,0,0.01,-0.01,0.01,-0.01,0.0,0,nan,nan,3,0,1,10,0
15184000,1763802040682000,401540297,1162593689,58098,58098,0.25,0.5,0.29999998,0.39999998,0.0,0.0,0,0,0.02,-0.01,0.01,0.0,0.0,0,nan,nan,3,0,1,10,0
15232000,1763802040732000,401540297,1162593689,58098,58098,0.25,0.5,0.29999998,0.39999998,0.0,0.0,0,0,0.02,-0.01,0.01,0.01,0.0,0,nan,nan,3,0,1,10,0
15284000,1763802040782000,401540309,1162593678,57908,57908,0.25,0.5,0.29999998,0.39999998,0.0,0.0,0,0,0.03,0.03,0.0,-0.08,0.0,0,nan,nan,3,0,1,10,0
15332000,1763802040832000,401540309,1162593678,57908,57908,0.25,0.5,0.29999998,0.39999998,0.0,0.0,0,0,0.049999997,0.049999997,0.0,-0.11,0.0,0,nan,nan,3,0,1,10,0
15384000,1763802040882000,401540309,1162593678,57908,57908,0.25,0.5,0.29999998,0.39999998,0.0,0.0,0,0,0.06,0.06,0.0,-0.13,0.0,0,nan,nan,3,0,1,10,0
15432000,1763802040932000,401540309,1162593678,57908,57908,0.25,0.5,0.29999998,0.39999998,0.0,0.0,0,0,0.06,0.06,0.0,-0.13,0.0,0,nan,nan,3,0,1,10,0
15484000,1763802040982000,401540309,1162593693,57827,57827,0.25,0.5,0.29999998,0.39999998,0.0,0.0,0,0,0.08,0.08,-0.01,-0.08,0.0,0,nan,nan,3,0,1,10,0
15532000,1763802041032000,401540309,1162593693,57827,57827,0.25,0.5,0.29999998,0.39999998,0.0,0.0,0,0,0.089999996,0.089999996,-0.01,-0.07,0.0,0,nan,nan,3,0,1,10,0
15584000,1763802041082000,401540309,1162593693,57827,57827,0.25,0.5,0.29999998,0.39999998,0.0,0.0,0,0,0.089999996,0.089999996,-0.01,-0.06,0.0,0,nan,nan,3,0,1,10,0
15632000,1763802041132000,401540309,1162593693,57827,57827,0.25,0.5,0.29999998,0.39999998,0.0,0.0,0,0,0.089999996,0.089999996,-0.01,-0.06,0.0,0,nan,nan,3,0,1,10,0
15684000,1763802041182000,401540296,1162593683,57886,57886,0.25,0.5,0.29999998,0.39999998,0.0,0.0,0,0,0.08,0.08,-0.02,-0.04,0.0,0,nan,nan,3,0,1,10,0
15732000,1763802041232000,401540296,1162593683,57886,57886,0.25,0.5,0.29999998,0.39999998,0.0,0.0,0,0,0.07,0.07,-0.02,-0.03,0.0,0,nan,nan,3,0,1,10,0
15784000,1763802041282000,401540296,1162593683,57886,57886,0.25,0.5,0.29999998,0.39999998,0.0,0.0,0,0,0.07,0.07,-0.02,-0.03,0.0,0,nan,nan,3,0,1,10,0
15832000,1763802041332000,401540296,1162593683,57886,57886,0.25,0.5,0.29999998,0.39999998,0.0,0.0,0,0,0.07,0.07,-0.02,-0.02,0.0,0,nan,nan,3,0,1,10,0
15884000,1763802041382000,401540312,1162593676,57935,57935,0.25,0.5,0.29999998,0.39999998,0.0,0.0,0,0,0.06,0.04,0.04,-0.11,0.0,0,nan,nan,3,0,1,10,0
15932000,1763802041432000,401540312,1162593676,57935,57935,0.25,0.5,0.29999998,0.39999998,0.0,0.0,0,0,0.07,0.03,0.06,-0.14,0.0,0,nan,nan,3,0,1,10,0
15984000,1763802041482000,401540312,1162593676,57935,57935,0.25,0.5,0.29999998,0.39999998,0.0,0.0,0,0,0.07,0.03,0.07,-0.14999999,0.0,0,nan,nan,3,0,1,10,0
16032000,1763802041532000,401540312,1162593676,57935,57935,0.25,0.5,0.29999998,0.39999998,0.0,0.0,0,0,0.07,0.03,0.07,-0.14999999,0.0,0,nan,nan,3,0,1,10,0
16084000,1763802041582000,401540295,1162593670,58271,58271,0.25,0.5,0.29999998,0.39999998,0.0,0.0,0,0,0.03,0.02,0.02,-0.04,0.0,0,nan,nan,3,0,1,10,0
16132000,1763802041632000,401540295,1162593670,58271,58271,0.25,0.5,0.29999998,0.39999998,0.0,0.0,0,0,0.02,0.02,0.0,0.01,0.0,0,nan,nan,3,0,1,10,0
16184000,1763802041682000,401540295,1162593670,58271,58271,0.25,0.5,0.29999998,0.39999998,0.0,0.0,0,0,0.02,0.02,-0.01,0.02,0.0,0,nan,nan,3,0,1,10,0
16232000,1763802041732000,401540295,1162593670,58271,58271,0.25,0.5,0.29999998,0.39999998,0.0,0.0,0,0,0.02,0.02,-0.01,0.03,0.0,0,nan,nan,3,0,1,10,0
16284000,1763802041782000,401540300,1162593681,58154,58154,0.25,0.5,0.29999998,0.39999998,0.0,0.0,0,0,0.07,0.03,-0.06,-0.099999994,0.0,0,nan,nan,3,0,1,10,0
16332000,1763802041832000,401540300,1162593681,58154,58154,0.25,0.5,0.29999998,0.39999998,0.0,0.0,0,0,0.089999996,0.04,-0.08,-0.14999999,0.0,0,nan,nan,3,0,1,10,0
16384000,1763802041882000,401540300,1162593681,58154,58154,0.25,0.5,0.29999998,0.39999998,0.0,0.0,0,0,0.089999996,0.04,-0.08,-0.17,0.0,0,nan,nan,3,0,1,10,0
16432000,1763802041932000,401540300,1162593681,58154,58154,0.25,0.5,0.29999998,0.39999998,0.0,0.0,0,0,0.089999996,0.04,-0.08,-0.17,0.0,0,nan,nan,3,0,1,10,0
16484000,1763802041982000,401540312,1162593673,57861,57861,0.25,0.5,0.29999998,0.39999998,0.0,0.0,0,0,0.12,0.07,-0.089999996,0.02,0.0,0,nan,nan,3,0,1,10,0
16532000,1763802042032000,401540312,1162593673,57861,57861,0.25,0.5,0.29999998,0.39999998,0.0,0.0,0,0,0.12,0.08,-0.089999996,0.089999996,0.0,0,nan,nan,3,0,1,10,0
16584000,1763802042082000,401540312,1162593673,57861,57861,0.25,0.5,0.29999998,0.39999998,0.0,0.0,0,0,0.13,0.08,-0.099999994,0.12,0.0,0,nan,nan,3,0,1,10,0
16632000,1763802042132000,401540312,1162593673,57861,57861,0.25,0.5,0.29999998,0.39999998,0.0,0.0,0,0,0.13,0.08,-0.099999994,0.13,0.0,0,nan,nan,3,0,1,10,0
16684000,1763802042182000,401540300,1162593680,57883,57883,0.25,0.5,0.29999998,0.39999998,0.0,0.0,0,0,0.03,-0.02,0.03,-0.01,0.0,0,nan,nan,3,0,1,10,0
16732000,1763802042232000,401540300,1162593680,57883,57883,0.25,0.5,0.29999998,0.39999998,0.0,0.0,0,0,0.089999996,-0.06,0.07,-0.06,0.0,0,nan,nan,3,0,1,10,0
16784000,1763802042282000,401540300,1162593680,57883,57883,0.25,0.5,0.29999998,0.39999998,0.0,0.0,0,0,0.11,-0.07,0.089999996,-0.08,0.0,0,nan,nan,3,0,1,10,0
16832000,1763802042332000,401540300,1162593680,57883,57883,0.25,0.5,0.29999998,0.39999998,0.0,0.0,0,0,0.12,-0.08,0.089999996,-0.08,0.0,0,nan,nan,3,0,1,10,0
16884000,1763802042382000,401540295,1162593695,58028,58028,0.25,0.5,0.29999998,0.39999998,0.0,0.0,0,0,0.089999996,-0.08,0.03,-0.08,0.0,0,nan,nan,3,0,1,10,0
16932000,1763802042432000,401540295,1162593695,58028,58028,0.25,0.5,0.29999998,0.39999998,0.0,0.0,0,0,0.089999996,-0.089999996,0.01,-0.07,0.0,0,nan,nan,3,0,1,10,0
16984000,1763802042482000,401540295,1162593695,58028,58028,0.25,0.5,0.29999998,0.39999998,0.0,0.0,0,0,0.089999996,-0.089999996,0.0,-0.07,0.0,0,nan,nan,3,0,1,10,0
17032000,1763802042532000,401540295,1162593695,58028,58028,0.25,0.5,0.29999998,0.39999998,0.0,0.0,0,0,0.089999996,-0.089999996,0.0,-0.07,0.0,0,nan,nan,3,0,1,10,0
17084000,1763802042582000,401540299,1162593688,57989,57989,0.25,0.5,0.29999998,0.39999998,0.0,0.0,0,0,0.07,-0.02,-0.06,-0.02,0.0,0,nan,nan,3,0,1,10,0
17132000,1763802042632000,401540299,1162593688,57989,57989,0.25,0.5,0.29999998,0.39999998,0.0,0.0,0,0,0.089999996,0.0,-0.089999996,0.0,0.0,0,nan,nan,3,0,1,10,0
17184000,1763802042682000,401540299,1162593688,57989,57989,0.25,0.5,0.29999998,0.39999998,0.0,0.0,0,0,0.089999996,0.01,-0.089999996,0.01,0.0,0,nan,nan,3,0,1,10,0
17232000,1763802042732000,401540299,1162593688,57989,57989,0.25,0.5,0.29999998,0.39999998,0.0,0.0,0,0,0.099999994,0.01,-0.099999994,0.01,0.0,0,nan,nan,3,0,1,10,0
17284000,1763802042782000,401540307,1162593679,58225,58225,0.25,0.5,0.29999998,0.39999998,0.0,0.0,0,0,0.03,-0.02,-0.03,0.03,0.0,0,nan,nan,3,0,1,10,0
17332000,1763802042832000,401540307,1162593679,58225,58225,0.25,0.5,0.29999998,0.39999998,0.0,0.0,0,0,0.03,-0.03,0.0,0.04,0.0,0,nan,nan,3,0,1,10,0
17384000,1763802042882000,401540307,1162593679,58225,58225,0.25,0.5,0.29999998,0.39999998,0.0,0.0,0,0,0.03,-0.03,0.01,0.04,0.0,0,nan,nan,3,0,1,10,0
17432000,1763802042932000,401540307,1162593679,58225,58225,0.25,0.5,0.29999998,0.39999998,0.0,0.0,0,0,0.04,-0.03,0.01,0.04,0.0,0,nan,nan,3,0,1,10,0
17484000,1763802042982000,401540293,1162593681,58249,58249,0.25,0.5,0.29999998,0.39999998,0.0,0.0,0,0,0.049999997,-0.02,-0.049999997,0.12,0.0,0,nan,nan,3,0,1,10,0
17532000,1763802043032000,401540293,1162593681,58249,58249,0.25,0.5,0.29999998,0.39999998,0.0,0.0,0,0,0.07,-0.01,-0.07,0.14,0.0,0,nan,nan,3,0,1,10,0
17584000,1763802043082000,401540293,1162593681,58249,58249,0.25,0.5,0.29999998,0.39999998,0.0,0.0,0,0,0.08,-0.01,-0.08,0.16,0.0,0,nan,nan,3,0,1,10,0
17632000,1763802043132000,401540293,1162593681,58249,58249,0.25,0.5,0.29999998,0.39999998,0.0,0.0,0,0,0.08,-0.01,-0.08,0.16,0.0,0,nan,nan,3,0,1,10,0
17684000,1763802043182000,401540304,1162593679,58099,58099,0.25,0.5,0.29999998,0.39999998,0.0,0.0,0,0,0.049999997,0.0,-0.049999997,0.01,0.0,0,nan,nan,3,0,1,10,0
17732000,1763802043232000,401540304,1162593679,58099,58099,0.25,0.5,0.29999998,0.39999998,0.0,0.0,0,0,0.04,0.01,-0.04,-0.04,0.0,0,nan,nan,3,0,1,10,0
17784000,1763802043282000,401540304,1162593679,58099,58099,0.25,0.5,0.29999998,0.39999998,0.0,0.0,0,0,0.03,0.01,-0.03,-0.06,0.0,0,nan,nan,3,0,1,10,0
17832000,1763802043332000,401540304,1162593679,58099,58099,0.25,0.5,0.29999998,0.39999998,0.0,0.0,0,0,0.03,0.01,-0.03,-0.07,0.0,0,nan,nan,3,0,1,10,0
17884000,1763802043382000,401540306,1162593696,58148,58148,0.25,0.5,0.29999998,0.39999998,0.0,0.0,0,0,0.04,0.01,-0.04,-0.07,0.0,0,nan,nan,3,0,1,10,0
17932000,1763802043432000,401540306,1162593696,58148,58148,0.25,0.5,0.29999998,0.39999998,0.0,0.0,0,0,0.049999997,0.01,-0.049999997,-0.07,0.0,0,nan,nan,3,0,1,10,0
17984000,1763802043482000,401540306,1162593696,58148,58148,0.25,0.5,0.29999998,0.39999998,0.0,0.0,0,0,0.049999997,0.01,-0.049999997,-0.07,0.0,0,nan,nan,3,0,1,10,0
18032000,1763802043532000,401540306,1162593696,58148,58148,0.25,0.5,0.29999998,0.39999998,0.0,0.0,0,0,0.049999997,0.01,-0.049999997,-0.07,0.0,0,nan,nan,3,0,1,10,0
18084000,1763802043582000,401540303,1162593681,57986,57986,0.25,0.5,0.29999998,0.39999998,0.0,0.0,0,0,0.03,-0.03,0.01,0.049999997,0.0,0,nan,nan,3,0,1,10,0
18132000,1763802043632000,401540303,1162593681,57986,57986,0.25,0.5,0.29999998,0.39999998,0.0,0.0,0,0,0.049999997,-0.04,0.03,0.089999996,0.0,0,nan,nan,3,0,1,10,0
18184000,1763802043682000,401540303,1162593681,57986,57986,0.25,0.5,0.29999998,0.39999998,0.0,0.0,0,0,0.06,-0.049999997,0.04,0.11,0.0,0,nan,nan,3,0,1,10,0
18232000,1763802043732000,401540303,1162593681,57986,57986,0.25,0.5,0.29999998,0.39999998,0.0,0.0,0,0,0.07,-0.049999997,0.04,0.11,0.0,0,nan,nan,3,0,1,10,0
18284000,1763802043782000,401540309,1162593695,58051,58051,0.25,0.5,0.29999998,0.39999998,0.0,0.0,0,0,0.06,-0.01,0.06,0.16,0.0,0,nan,nan,3,0,1,10,0
18332000,1763802043832000,401540309,1162593695,58051,58051,0.25,0.5,0.29999998,0.39999998,0.0,0.0,0,0,0.07,0.01,0.07,0.17999999,0.0,0,nan,nan,3,0,1,10,0
18384000,1763802043882000,401540309,1162593695,58051,58051,0.25,0.5,0.29999998,0.39999998,0.0,0.0,0,0,0.07,0.02,0.07,0.17999999,0.0,0,nan,nan,3,0,1,10,0
18432000,1763802043932000,401540309,1162593695,58051,58051,0.25,0.5,0.29999998,0.39999998,0.0,0.0,0,0,0.07,0.02,0.07,0.17999999,0.0,0,nan,nan,3,0,1,10,0
18484000,1763802043982000,401540302,1162593687,57978,57978,0.25,0.5,0.29999998,0.39999998,0.0,0.0,0,0,0.02,-0.02,0.01,0.14999999,0.0,0,nan,nan,3,0,1,10,0
18532000,1763802044032000,401540302,1162593687,57978,57978,0.25,0.5,0.29999998,0.39999998,0.0,0.0,0,0,0.03,-0.03,-0.02,0.13,0.0,0,nan,nan,3,0,1,10,0
18584000,1763802044082000,401540302,1162593687,57978,57978,0.25,0.5,0.29999998,0.39999998,0.0,0.0,0,0,0.04,-0.04,-0.02,0.13,0.0,0,nan,nan,3,0,1,10,0
18632000,1763802044132000,401540302,1162593687,57978,57978,0.25,0.5,0.29999998,0.39999998,0.0,0.0,0,0,0.049999997,-0.04,-0.03,0.12,0.0,0,nan,nan,3,0,1,10,0
18684000,1763802044182000,401540299,1162593688,58198,58198,0.25,0.5,0.29999998,0.39999998,0.0,0.0,0,0,0.07,-0.06,-0.04,0.16,0.0,0,nan,nan,3,0,1,10,0
18732000,1763802044232000,401540299,1162593688,58198,58198,0.25,0.5,0.29999998,0.39999998,0.0,0.0,0,0,0.08,-0.07,-0.049999997,0.17999999,0.0,0,nan,nan,3,0,1,10,0
18784000,1763802044282000,401540299,1162593688,58198,58198,0.25,0.5,0.29999998,0.39999998,0.0,0.0,0,0,0.089999996,-0.07,-0.049999997,0.17999999,0.0,0,nan,nan,3,0,1,10,0
18832000,1763802044332000,401540299,1162593688,58198,58198,0.25,0.5,0.29999998,0.39999998,0.0,0.0,0,0,0.089999996,-0.07,-0.049999997,0.17999999,0.0,0,nan,nan,3,0,1,10,0
18884000,1763802044382000,401540302,1162593673,57843,57843,0.25,0.5,0.29999998,0.39999998,0.0,0.0,0,0,0.07,-0.03,-0.06,0.14999999,0.0,0,nan,nan,3,0,1,10,0
18932000,1763802044432000,401540302,1162593673,57843,57843,0.25,0.5,0.29999998,0.39999998,0.0,0.0,0,0,0.07,-0.02,-0.07,0.14,0.0,0,nan,nan,3,0,1,10,0
18984000,1763802044482000,401540302,1162593673,57843,57843,0.25,0.5,0.29999998,0.39999998,0.0,0.0,0,0,0.07,-0.01,-0.07,0.13,0.0,0,nan,nan,3,0,1,10,0
19032000,1763802044532000,401540302,1162593673,57843,57843,0.25,0.5,0.29999998,0.39999998,0.0,0.0,0,0,0.07,-0.01,-0.07,0.13,0.0,0,nan,nan,3,0,1,10,0
19084000,1763802044582000,401540302,1162593695,58264,58264,0.25,0.5,0.29999998,0.39999998,0.0,0.0,0,0,0.03,0.02,-0.02,-0.03,0.0,0,nan,nan,3,0,1,10,0
19132000,1763802044632000,401540302,1162593695,58264,58264,0.25,0.5,0.29999998,0.39999998,0.0,0.0,0,0,0.03,0.03,-0.01,-0.089999996,0.0,0,nan,nan,3,0,1,10,0
19184000,1763802044682000,401540302,1162593695,58264,58264,0.25,0.5,0.29999998,0.39999998,0.0,0.0,0,0,0.03,0.03,0.0,-0.11,0.0,0,nan,nan,3,0,1,10,0
19232000,1763802044732000,401540302,1162593695,58264,58264,0.25,0.5,0.29999998,0.39999998,0.0,0.0,0,0,0.03,0.03,0.0,-0.12,0.0,0,nan,nan,3,0,1,10,0
19284000,1763802044782000,401540310,1162593696,57822,57822,0.25,0.5,0.29999998,0.39999998,0.0,0.0,0,0,0.049999997,-0.02,-0.04,0.02,0.0,0,nan,nan,3,0,1,10,0
19332000,1763802044832000,401540310,1162593696,57822,57822,0.25,0.5,0.29999998,0.39999998,0.0,0.0,0,0,0.08,-0.04,-0.06,0.06,0.0,0,nan,nan,3,0,1,10,0
19384000,1763802044882000,401540310,1162593696,57822,57822,0.25,0.5,0.29999998,0.39999998,0.0,0.0,0,0,0.08,-0.049999997,-0.07,0.08,0.0,0,nan,nan,3,0,1,10,0
19432000,1763802044932000,401540310,1162593696,57822,57822,0.25,0.5,0.29999998,0.39999998,0.0,0.0,0,0,0.089999996,-0.049999997,-0.07,0.089999996,0.0,0,nan,nan,3,0,1,10,0
19484000,1763802044982000,401540296,1162593678,57889,57889,0.25,0.5,0.29999998,0.39999998,0.0,0.0,0,0,0.08,-0.08,0.03,0.03,0.0,0,nan,nan,3,0,1,10,0
19532000,1763802045032000,401540296,1162593678,57889,57889,0.25,0.5,0.29999998,0.39999998,0.0,0.0,0,0,0.11,-0.089999996,0.06,0.0,0.0,0,nan,nan,3,0,1,10,0
19584000,1763802045082000,401540296,1162593678,57889,57889,0.25,0.5,0.29999998,0.39999998,0.0,0.0,0,0,0.12,-0.089999996,0.07,-0.01,0.0,0,nan,nan,3,0,1,10,0
19632000,1763802045132000,401540296,1162593678,57889,57889,0.25,0.5,0.29999998,0.39999998,0.0,0.0,0,0,0.12,-0.099999994,0.08,-0.01,0.0,0,nan,nan,3,0,1,10,0
19684000,1763802045182000,401540305,1162593690,58184,58184,0.25,0.5,0.29999998,0.39999998,0.0,0.0,0,0,0.099999994,-0.07,0.07,0.02,0.0,0,nan,nan,3,0,1,10,0
19732000,1763802045232000,401540305,1162593690,58184,58184,0.25,0.5,0.29999998,0.39999998,0.0,0.0,0,0,0.089999996,-0.06,0.07,0.03,0.0,0,nan,nan,3,0,1,10,0
19784000,1763802045282000,401540305,1162593690,58184,58184,0.25,0.5,0.29999998,0.39999998,0.0,0.0,0,0,0.089999996,-0.06,0.06,0.04,0.0,0,nan,nan,3,0,1,10,0
19832000,1763802045332000,401540305,1162593690,58184,58184,0.25,0.5,0.29999998,0.39999998,0.0,0.0,0,0,0.089999996,-0.06,0.06,0.04,0.0,0,nan,nan,3,0,1,10,0
19884000,1763802045382000,401540309,1162593694,58214,58214,0.25,0.5,0.29999998,0.39999998,0.0,0.0,0,0,0.07,-0.06,0.01,-0.06,0.0,0,nan,nan,3,0,1,10,0
19932000,1763802045432000,401540309,1162593694,58214,58214,0.25,0.5,0.29999998,0.39999998,0.0,0.0,0,0,0.07,-0.07,-0.01,-0.089999996,0.0,0,nan,nan,3,0,1,10,0
19984000,1763802045482000,401540309,1162593694,58214,58214,0.25,0.5,0.29999998,0.39999998,0.0,0.0,0,0,0.07,-0.07,-0.02,-0.099999994,0.0,0,nan,nan,3,0,1,10,0
20032000,1763802045532000,401540309,1162593694,58214,58214,0.25,0.5,0.29999998,0.39999998,0.0,0.0,0,0,0.07,-0.07,-0.02,-0.11,0.0,0,nan,nan,3,0,1,10,0
20084000,1763802045582000,401540292,1162593670,58046,58046,0.25,0.5,0.29999998,0.39999998,0.0,0.0,0,0,0.06,-0.04,-0.04,-0.02,0.0,0,nan,nan,3,0,1,10,0
20132000,1763802045632000,401540292,1162593670,58046,58046,0.25,0.5,0.29999998,0.39999998,0.0,0.0,0,0,0.06,-0.03,-0.049999997,0.01,0.0,0,nan,nan,3,0,1,10,0
20184000,1763802045682000,401540292,1162593670,58046,58046,0.25,0.5,0.29999998,0.39999998,0.0,0.0,0,0,0.06,-0.02,-0.06,0.02,0.0,0,nan,nan,3,0,1,10,0
20232000,1763802045732000,401540292,1162593670,58046,58046,0.25,0.5,0.29999998,0.39999998,0.0,0.0,0,0,0.06,-0.02,-0.06,0.02,0.0,0,nan,nan,3,0,1,10,0
20284000,1763802045782000,401540300,1162593695,58209,58209,0.25,0.5,0.29999998,0.39999998,0.0,0.0,0,0,0.07,-0.04,-0.049999997,-0.08,0.0,0,nan,nan,3,0,1,10,0
20332000,1763802045832000,401540300,1162593695,58209,58209,0.25,0.5,0.29999998,0.39999998,0.0,0.0,0,0,0.07,-0.049999997,-0.049999997,-0.12,0.0,0,nan,nan,3,0,1,10,0
20384000,1763802045882000,401540300,1162593695,58209,58209,0.25,0.5,0.29999998,0.39999998,0.0,0.0,0,0,0.07,-0.06,-0.049999997,-0.14,0.0,0,nan,nan,3,0,1,10,0
20432000,1763802045932000,401540300,1162593695,58209,58209,0.25,0.5,0.29999998,0.39999998,0.0,0.0,0,0,0.07,-0.06,-0.049999997,-0.14,0.0,0,nan,nan,3,0,1,10,0
20484000,1763802045982000,401540310,1162593694,57891,57891,0.25,0.5,0.29999998,0.39999998,0.0,0.0,0,0,0.08,-0.07,-0.03,-0.089999996,0.0,0,nan,nan,3,0,1,10,0
20532000,1763802046032000,401540310,1162593694,57891,57891,0.25,0.5,0.29999998,0.39999998,0.0,0.0,0,0,0.08,-0.08,-0.02,-0.06,0.0,0,nan,nan,3,0,1,10,0
20584000,1763802046082000,401540310,1162593694,57891,57891,0.25,0.5,0.29999998,0.39999998,0.0,0.0,0,0,0.08,-0.08,-0.02,-0.06,0.0,0,nan,nan,3,0,1,10,0
20632000,1763802046132000,401540310,1162593694,57891,57891,0.25,0.5,0.29999998,0.39999998,0.0,0.0,0,0,0.08,-0.08,-0.02,-0.049999997,0.0,0,nan,nan,3,0,1,10,0
20684000,1763802046182000,401540298,1162593681,58012,58012,0.25,0.5,0.29999998,0.39999998,0.0,0.0,0,0,0.04,0.0,0.04,0.08,0.0,0,nan,nan,3,0,1,10,0
20732000,1763802046232000,401540298,1162593681,58012,58012,0.25,0.5,0.29999998,0.39999998,0.0,0.0,0,0,0.06,0.03,0.06,0.13,0.0,0,nan,nan,3,0,1,10,0
20784000,1763802046282000,401540298,1162593681,58012,58012,0.25,0.5,0.29999998,0.39999998,0.0,0.0,0,0,0.07,0.04,0.07,0.14999999,0.0,0,nan,nan,3,0,1,10,0
20832000,1763802046332000,401540298,1162593681,58012,58012,0.25,0.5,0.29999998,0.39999998,0.0,0.0,0,0,0.08,0.04,0.07,0.16,0.0,0,nan,nan,3,0,1,10,0
20884000,1763802046382000,401540304,1162593677,57901,57901,0.25,0.5,0.29999998,0.39999998,0.0,0.0,0,0,0.07,-0.04,0.06,0.12,0.0,0,nan,nan,3,0,1,10,0
20932000,1763802046432000,401540304,1162593677,57901,57901,0.25,0.5,0.29999998,0.39999998,0.0,0.0,0,0,0.089999996,-0.07,0.049999997,0.11,0.0,0,nan,nan,3,0,1,10,0
20984000,1763802046482000,401540304,1162593677,57901,57901,0.25,0.5,0.29999998,0.39999998,0.0,0.0,0,0,0.099999994,-0.08,0.049999997,0.099999994,0.0,0,nan,nan,3,0,1,10,0
21032000,1763802046532000,401540304,1162593677,57901,57901,0.25,0.5,0.29999998,0.39999998,0.0,0.0,0,0,0.099999994,-0.089999996,0.049999997,0.099999994,0.0,0,nan,nan,3,0,1,10,0
21084000,1763802046582000,401540294,1162593694,58094,58094,0.25,0.5,0.29999998,0.39999998,0.0,0.0,0,0,0.03,0.01,-0.02,0.11,0.0,0,nan,nan,3,0,1,10,0
21132000,1763802046632000,401540294,1162593694,58094,58094,0.25,0.5,0.29999998,0.39999998,0.0,0.0,0,0,0.07,0.049999997,-0.049999997,0.12,0.0,0,nan,nan,3,0,1,10,0
21184000,1763802046682000,401540294,1162593694,58094,58094,0.25,0.5,0.29999998,0.39999998,0.0,0.0,0,0,0.089999996,0.06,-0.06,0.12,0.0,0,nan,nan,3,0,1,10,0
21232000,1763802046732000,401540294,1162593694,58094,58094,0.25,0.5,0.29999998,0.39999998,0.0,0.0,0,0,0.099999994,0.07,-0.07,0.12,0.0,0,nan,nan,3,0,1,10,0
21284000,1763802046782000,401540304,1162593678,57956,57956,0.25,0.5,0.29999998,0.39999998,0.0,0.0,0,0,0.099999994,0.08,-0.06,0.02,0.0,0,nan,nan,3,0,1,10,0
21332000,1763802046832000,401540304,1162593678,57956,57956,0.25,0.5,0.29999998,0.39999998,0.0,0.0,0,0,0.11,0.089999996,-0.06,-0.02,0.0,0,nan,nan,3,0,1,10,0
21384000,1763802046882000,401540304,1162593678,57956,57956,0.25,0.5,0.29999998,0.39999998,0.0,0.0,0,0,0.11,0.089999996,-0.06,-0.03,0.0,0,nan,nan,3,0,1,10,0
21432000,1763802046932000,401540304,1162593678,57956,57956,0.25,0.5,0.29999998,0.39999998,0.0,0.0,0,0,0.11,0.089999996,-0.06,-0.04,0.0,0,nan,nan,3,0,1,10,0
21484000,1763802046982000,401540306,1162593679,58012,58012,0.25,0.5,0.29999998,0.39999998,0.0,0.0,0,0,0.02,-0.02,0.0,-0.08,0.0,0,nan,nan,3,0,1,10,0
21532000,1763802047032000,401540306,1162593679,58012,58012,0.25,0.5,0.29999998,0.39999998,0.0,0.0,0,0,0.06,-0.06,0.02,-0.099999994,0.0,0,nan,nan,3,0,1,10,0
21584000,1763802047082000,401540306,1162593679,58012,58012,0.25,0.5,0.29999998,0.39999998,0.0,0.0,0,0,0.08,-0.07,0.02,-0.099999994,0.0,0,nan,nan,3,0,1,10,0
21632000,1763802047132000,401540306,1162593679,58012,58012,0.25,0.5,0.29999998,0.39999998,0.0,0.0,0,0,0.08,-0.08,0.03,-0.099999994,0.0,0,nan,nan,3,0,1,10,0
21684000,1763802047182000,401540308,1162593678,57844,57844,0.25,0.5,0.29999998,0.39999998,0.0,0.0,0,0,0.03,0.0,0.03,-0.12,0.0,0,nan,nan,3,0,1,10,0
21732000,1763802047232000,401540308,1162593678,57844,57844,0.25,0.5,0.29999998,0.39999998,0.0,0.0,0,0,0.049999997,0.03,0.04,-0.13,0.0,0,nan,nan,3,0,1,10,0
21784000,1763802047282000,401540308,1162593678,57844,57844,0.25,0.5,0.29999998,0.39999998,0.0,0.0,0,0,0.06,0.04,0.04,-0.13,0.0,0,nan,nan,3,0,1,10,0
21832000,1763802047332000,401540308,1162593678,57844,57844,0.25,0.5,0.29999998,0.39999998,0.0,0.0,0,0,0.06,0.049999997,0.04,-0.14,0.0,0,nan,nan,3,0,1,10,0
21884000,1763802047382000,401540302,1162593672,57941,57941,0.25,0.5,0.29999998,0.39999998,0.0,0.0,0,0,0.07,0.06,-0.03,-0.03,0.0,0,nan,nan,3,0,1,10,0
21932000,1763802047432000,401540302,1162593672,57941,57941,0.25,0.5,0.29999998,0.39999998,0.0,0.0,0,0,0.089999996,0.06,-0.06,0.0,0.0,0,nan,nan,3,0,1,10,0
21984000,1763802047482000,401540302,1162593672,57941,57941,0.25,0.5,0.29999998,0.39999998,0.0,0.0,0,0,0.099999994,0.07,-0.07,0.02,0.0,0,nan,nan,3,0,1,10,0
22032000,1763802047532000,401540302,1162593672,57941,57941,0.25,0.5,0.29999998,0.39999998,0.0,0.0,0,0,0.099999994,0.07,-0.07,0.02,0.0,0,nan,nan,3,0,1,10,0
22084000,1763802047582000,401540299,1162593675,57968,57968,0.25,0.5,0.29999998,0.39999998,0.0,0.0,0,0,0.08,-0.01,-0.08,0.01,0.0,0,nan,nan,3,0,1,10,0
22132000,1763802047632000,401540299,1162593675,57968,57968,0.25,0.5,0.29999998,0.39999998,0.0,0.0,0,0,0.089999996,-0.03,-0.08,0.0,0.0,0,nan,nan,3,0,1,10,0
22184000,1763802047682000,401540299,1162593675,57968,57968,0.25,0.5,0.29999998,0.39999998,0.0,0.0,0,0,0.099999994,-0.04,-0.089999996,0.0,0.0,0,nan,nan,3,0,1,10,0
22232000,1763802047732000,401540299,1162593675,57968,57968,0.25,0.5,0.29999998,0.39999998,0.0,0.0,0,0,0.099999994,-0.049999997,-0.089999996,0.0,0.0,0,nan,nan,3,0,1,10,0
22284000,1763802047782000,401540302,1162593674,57856,57856,0.25,0.5,0.29999998,0.39999998,0.0,0.0,0,0,0.04,0.04,0.01,0.06,0.0,0,nan,nan,3,0,1,10,0
22332000,1763802047832000,401540302,1162593674,57856,57856,0.25,0.5,0.29999998,0.39999998,0.0,0.0,0,0,0.08,0.07,0.04,0.08,0.0,0,nan,nan,3,0,1,10,0
22384000,1763802047882000,401540302,1162593674,57856,57856,0.25,0.5,0.29999998,0.39999998,0.0,0.0,0,0,0.099999994,0.08,0.049999997,0.089999996,0.0,0,nan,nan,3,0,1,10,0
22432000,1763802047932000,401540302,1162593674,57856,57856,0.25,0.5,0.29999998,0.39999998,0.0,0.0,0,0,0.099999994,0.089999996,0.06,0.089999996,0.0,0,nan,nan,3,0,1,10,0
22484000,1763802047982000,401540293,1162593685,57924,57924,0.25,0.5,0.29999998,0.39999998,0.0,0.0,0,0,0.07,-0.02,0.06,0.04,0.0,0,nan,nan,3,0,1,10,0
22532000,1763802048032000,401540293,1162593685,57924,57924,0.25,0.5,0.29999998,0.39999998,0.0,0.0,0,0,0.089999996,-0.06,0.06,0.01,0.0,0,nan,nan,3,0,1,10,0
22584000,1763802048082000,401540293,1162593685,57924,57924,0.25,0.5,0.29999998,0.39999998,0.0,0.0,0,0,0.099999994,-0.07,0.06,0.01,0.0,0,nan,nan,3,0,1,10,0
22632000,1763802048132000,401540293,1162593685,57924,57924,0.25,0.5,0.29999998,0.39999998,0.0,0.0,0,0,0.099999994,-0.08,0.06,0.0,0.0,0,nan,nan,3,0,1,10,0
22684000,1763802048182000,401540294,1162593677,57840,57840,0.25,0.5,0.29999998,0.39999998,0.0,0.0,0,0,0.12,-0.08,0.089999996,-0.04,0.0,0,nan,nan,3,0,1,10,0
22732000,1763802048232000,401540294,1162593677,57840,57840,0.25,0.5,0.29999998,0.39999998,0.0,0.0,0,0,0.12,-0.08,0.089999996,-0.06,0.0,0,nan,nan,3,0,1,10,0
22784000,1763802048282000,401540294,1162593677,57840,57840,0.25,0.5,0.29999998,0.39999998,0.0,0.0,0,0,0.12,-0.08,0.099999994,-0.06,0.0,0,nan,nan,3,0,1,10,0
22832000,1763802048332000,401540294,1162593677,57840,57840,0.25,0.5,0.29999998,0.39999998,0.0,0.0,0,0,0.12,-0.08,0.099999994,-0.06,0.0,0,nan,nan,3,0,1,10,0
22884000,1763802048382000,401540305,1162593695,57873,57873,0.25,0.5,0.29999998,0.39999998,0.0,0.0,0,0,0.11,-0.06,0.089999996,-0.13,0.0,0,nan,nan,3,0,1,10,0
22932000,1763802048432000,401540305,1162593695,57873,57873,0.25,0.5,0.29999998,0.39999998,0.0,0.0,0,0,0.11,-0.06,0.089999996,-0.14999999,0.0,0,nan,nan,3,0,1,10,0
22984000,1763802048482000,401540305,1162593695,57873,57873,0.25,0.5,0.29999998,0.39999998,0.0,0.0,0,0,0.11,-0.06,0.089999996,-0.16,0.0,0,nan,nan,3,0,1,10,0
23032000,1763802048532000,401540305,1162593695,57873,57873,0.25,0.5,0.29999998,0.39999998,0.0,0.0,0,0,0.11,-0.06,0.089999996,-0.16,0.0,0,nan,nan,3,0,1,10,0
23084000,1763802048582000,401540300,1162593692,58043,58043,0.25,0.5,0.29999998,0.39999998,0.0,0.0,0,0,0.089999996,-0.02,0.089999996,-0.049999997,0.0,0,nan,nan,3,0,1,10,0
23132000,1763802048632000,401540300,1162593692,58043,58043,0.25,0.5,0.29999998,0.39999998,0.0,0.0,0,0,0.089999996,-0.01,0.089999996,-0.01,0.0,0,nan,nan,3,0,1,10,0
23184000,1763802048682000,401540300,1162593692,58043,58043,0.25,0.5,0.29999998,0.39999998,0.0,0.0,0,0,0.089999996,0.0,0.089999996,0.0,0.0,0,nan,nan,3,0,1,10,0
23232000,1763802048732000,401540300,1162593692,58043,58043,0.25,0.5,0.29999998,0.39999998,0.0,0.0,0,0,0.089999996,0.0,0.089999996,0.01,0.0,0,nan,nan,3,0,1,10,0
23284000,1763802048782000,401540304,1162593689,58002,58002,0.25,0.5,0.29999998,0.39999998,0.0,0.0,0,0,0.07,0.03,0.06,0.049999997,0.0,0,nan,nan,3,0,1,10,0
23332000,1763802048832000,401540304,1162593689,58002,58002,0.25,0.5,0.29999998,0.39999998,0.0,0.0,0,0,0.07,0.04,0.049999997,0.07,0.0,0,nan,nan,3,0,1,10,0
23384000,1763802048882000,401540304,1162593689,58002,58002,0.25,0.5,0.29999998,0.39999998,0.0,0.0,0,0,0.07,0.049999997,0.049999997,0.07,0.0,0,nan,nan,3,0,1,10,0
23432000,1763802048932000,401540304,1162593689,58002,58002,0.25,0.5,0.29999998,0.39999998,0.0,0.0,0,0,0.07,0.049999997,0.04,0.08,0.0,0,nan,nan,3,0,1,10,0
23484000,1763802048982000,401540305,1162593687,57961,57961,0.25,0.5,0.29999998,0.39999998,0.0,0.0,0,0,0.049999997,0.03,-0.04,0.07,0.0,0,nan,nan,3,0,1,10,0
23532000,1763802049032000,401540305,1162593687,57961,57961,0.25,0.5,0.29999998,0.39999998,0.0,0.0,0,0,0.07,0.02,-0.07,0.07,0.0,0,nan,nan,3,0,1,10,0
23584000,1763802049082000,401540305,1162593687,57961,57961,0.25,0.5,0.29999998,0.39999998,0.0,0.0,0,0,0.08,0.02,-0.08,0.07,0.0,0,nan,nan,3,0,1,10,0
23632000,1763802049132000,401540305,1162593687,57961,57961,0.25,0.5,0.29999998,0.39999998,0.0,0.0,0,0,0.089999996,0.02,-0.08,0.07,0.0,0,nan,nan,3,0,1,10,0
23684000,1763802049182000,401540312,1162593684,58084,58084,0.25,0.5,0.29999998,0.39999998,0.0,0.0,0,0,0.04,0.03,-0.03,-0.03,0.0,0,nan,nan,3,0,1,10,0
23732000,1763802049232000,401540312,1162593684,58084,58084,0.25,0.5,0.29999998,0.39999998,0.0,0.0,0,0,0.03,0.03,-0.01,-0.07,0.0,0,nan,nan,3,0,1,10,0
23784000,1763802049282000,401540312,1162593684,58084,58084,0.25,0.5,0.29999998,0.39999998,0.0,0.0,0,0,0.03,0.03,-0.01,-0.08,0.0,0,nan,nan,3,0,1,10,0
23832000,1763802049332000,401540312,1162593684,58084,58084,0.25,0.5,0.29999998,0.39999998,0.0,0.0,0,0,0.03,0.03,0.0,-0.08,0.0,0,nan,nan,3,0,1,10,0
23884000,1763802049382000,401540303,1162593695,57846,57846,0.25,0.5,0.29999998,0.39999998,0.0,0.0,0,0,0.04,0.04,-0.01,-0.06,0.0,0,nan,nan,3,0,1,10,0
23932000,1763802049432000,401540303,1162593695,57846,57846,0.25,0.5,0.29999998,0.39999998,0.0,0.0,0,0,0.049999997,0.049999997,-0.01,-0.06,0.0,0,nan,nan,3,0,1,10,0
23984000,1763802049482000,401540303,1162593695,57846,57846,0.25,0.5,0.29999998,0.39999998,0.0,0.0,0,0,0.049999997,0.049999997,-0.01,-0.049999997,0.0,0,nan,nan,3,0,1,10,0
24032000,1763802049532000,401540303,1162593695,57846,57846,0.25,0.5,0.29999998,0.39999998,0.0,0.0,0,0,0.049999997,0.049999997,-0.01,-0.049999997,0.0,0,nan,nan,3,0,1,10,0
24084000,1763802049582000,401540305,1162593676,57821,57821,0.25,0.5,0.29999998,0.39999998,0.0,0.0,0,0,0.07,0.07,-0.02,-0.13,0.0,0,nan,nan,3,0,1,10,0
24132000,1763802049632000,401540305,1162593676,57821,57821,0.25,0.5,0.29999998,0.39999998,0.0,0.0,0,0,0.08,0.08,-0.02,-0.16,0.0,0,nan,nan,3,0,1,10,0
24184000,1763802049682000,401540305,1162593676,57821,57821,0.25,0.5,0.29999998,0.39999998,0.0,0.0,0,0,0.089999996,0.08,-0.02,-0.17,0.0,0,nan,nan,3,0,1,10,0
24232000,1763802049732000,401540305,1162593676,57821,57821,0.25,0.5,0.29999998,0.39999998,0.0,0.0,0,0,0.089999996,0.089999996,-0.02,-0.17999999,0.0,0,nan,nan,3,0,1,10,0
24284000,1763802049782000,401540310,1162593691,57857,57857,0.25,0.5,0.29999998,0.39999998,0.0,0.0,0,0,0.06,-0.02,-0.049999997,-0.17999999,0.0,0,nan,nan,3,0,1,10,0
24332000,1763802049832000,401540310,1162593691,57857,57857,0.25,0.5,0.29999998,0.39999998,0.0,0.0,0,0,0.089999996,-0.06,-0.07,-0.19,0.0,0,nan,nan,3,0,1,10,0
24384000,1763802049882000,401540310,1162593691,57857,57857,0.25,0.5,0.29999998,0.39999998,0.0,0.0,0,0,0.099999994,-0.08,-0.07,-0.19,0.0,0,nan,nan,3,0,1,10,0
24432000,1763802049932000,401540310,1162593691,57857,57857,0.25,0.5,0.29999998,0.39999998,0.0,0.0,0,0,0.11,-0.08,-0.07,-0.19,0.0,0,nan,nan,3,0,1,10,0
24484000,1763802049982000,401540296,1162593672,58074,58074,0.25,0.5,0.29999998,0.39999998,0.0,0.0,0,0,0.089999996,0.01,-0.089999996,-0.04,0.0,0,nan,nan,3,0,1,10,0
24532000,1763802050032000,401540296,1162593672,58074,58074,0.25,0.5,0.29999998,0.39999998,0.0,0.0,0,0,0.11,0.04,-0.099999994,0.01,0.0,0,nan,nan,3,0,1,10,0
24584000,1763802050082000,401540296,1162593672,58074,58074,0.25,0.5,0.29999998,0.39999998,0.0,0.0,0,0,0.11,0.06,-0.099999994,0.03,0.0,0,nan,nan,3,0,1,10,0
24632000,1763802050132000,401540296,1162593672,58074,58074,0.25,0.5,0.29999998,0.39999998,0.0,0.0,0,0,0.12,0.06,-0.099999994,0.04,0.0,0,nan,nan,3,0,1,10,0
24684000,1763802050182000,401540300,1162593684,57940,57940,0.25,0.5,0.29999998,0.39999998,0.0,0.0,0,0,0.04,0.02,-0.04,-0.11,0.0,0,nan,nan,3,0,1,10,0
24732000,1763802050232000,401540300,1162593684,57940,57940,0.25,0.5,0.29999998,0.39999998,0.0,0.0,0,0,0.01,0.0,-0.01,-0.16,0.0,0,nan,nan,3,0,1,10,0
24784000,1763802050282000,401540300,1162593684,57940,57940,0.25,0.5,0.29999998,0.39999998,0.0,0.0,0,0,0.01,-0.01,0.0,-0.17999999,0.0,0,nan,nan,3,0,1,10,0
24832000,1763802050332000,401540300,1162593684,57940,57940,0.25,0.5,0.29999998,0.39999998,0.0,0.0,0,0,0.01,-0.01,0.0,-0.19,0.0,0,nan,nan,3,0,1,10,0
24884000,1763802050382000,401540298,1162593679,57913,57913,0.25,0.5,0.29999998,0.39999998,0.0,0.0,0,0,0.04,0.02,0.04,-0.049999997,0.0,0,nan,nan,3,0,1,10,0
24932000,1763802050432000,401540298,1162593679,57913,57913,0.25,0.5,0.29999998,0.39999998,0.0,0.0,0,0,0.06,0.03,0.049999997,0.0,0.0,0,nan,nan,3,0,1,10,0
24984000,1763802050482000,401540298,1162593679,57913,57913,0.25,0.5,0.29999998,0.39999998,0.0,0.0,0,0,0.07,0.03,0.06,0.01,0.0,0,nan,nan,3,0,1,10,0
25032000,1763802050532000,401540298,1162593679,57913,57913,0.25,0.5,0.29999998,0.39999998,0.0,0.0,0,0,0.07,0.03,0.06,0.02,0.0,0,nan,nan,3,0,1,10,0
25084000,1763802050582000,401540295,1162593678,58015,58015,0.25,0.5,0.29999998,0.39999998,0.0,0.0,0,0,0.049999997,0.0,0.04,0.02,0.0,0,nan,nan,3,0,1,10,0
25132000,1763802050632000,401540295,1162593678,58015,58015,0.25,0.5,0.29999998,0.39999998,0.0,0.0,0,0,0.04,-0.01,0.04,0.02,0.0,0,nan,nan,3,0,1,10,0
25184000,1763802050682000,401540295,1162593678,58015,58015,0.25,0.5,0.29999998,0.39999998,0.0,0.0,0,0,0.04,-0.02,0.04,0.02,0.0,0,nan,nan,3,0,1,10,0
25232000,1763802050732000,401540295,1162593678,58015,58015,0.25,0.5,0.29999998,0.39999998,0.0,0.0,0,0,0.04,-0.02,0.04,0.02,0.0,0,nan,nan,3,0,1,10,0
25284000,1763802050782000,401540299,1162593692,57829,57829,0.25,0.5,0.29999998,0.39999998,0.0,0.0,0,0,0.03,-0.03,-0.02,-0.08,0.0,0,nan,nan,3,0,1,10,0
25332000,1763802050832000,401540299,1162593692,57829,57829,0.25,0.5,0.29999998,0.39999998,0.0,0.0,0,0,0.049999997,-0.03,-0.04,-0.11,0.0,0,nan,nan,3,0,1,10,0
25384000,1763802050882000,401540299,1162593692,57829,57829,0.25,0.5,0.29999998,0.39999998,0.0,0.0,0,0,0.06,-0.03,-0.049999997,-0.13,0.0,0,nan,nan,3,0,1,10,0
25432000,1763802050932000,401540299,1162593692,57829,57829,0.25,0.5,0.29999998,0.39999998,0.0,0.0,0,0,0.06,-0.03,-0.049999997,-0.13,0.0,0,nan,nan,3,0,1,10,0
25484000,1763802050982000,401540297,1162593686,57991,57991,0.25,0.5,0.29999998,0.39999998,0.0,0.0,0,0,0.04,-0.04,0.01,0.08,0.0,0,nan,nan,3,0,1,10,0
25532000,1763802051032000,401540297,1162593686,57991,57991,0.25,0.5,0.29999998,0.39999998,0.0,0.0,0,0,0.06,-0.049999997,0.03,0.14999999,0.0,0,nan,nan,3,0,1,10,0
25584000,1763802051082000,401540297,1162593686,57991,57991,0.25,0.5,0.29999998,0.39999998,0.0,0.0,0,0,0.06,-0.049999997,0.04,0.17999999,0.0,0,nan,nan,3,0,1,10,0
25632000,1763802051132000,401540297,1162593686,57991,57991,0.25,0.5,0.29999998,0.39999998,0.0,0.0,0,0,0.07,-0.049999997,0.04,0.19,0.0,0,nan,nan,3,0,1,10,0
25684000,1763802051182000,401540309,1162593686,57888,57888,0.25,0.5,0.29999998,0.39999998,0.0,0.0,0,0,0.08,-0.07,-0.03,0.04,0.0,0,nan,nan,3,0,1,10,0
25732000,1763802051232000,401540309,1162593686,57888,57888,0.25,0.5,0.29999998,0.39999998,0.0,0.0,0,0,0.099999994,-0.08,-0.06,-0.02,0.0,0,nan,nan,3,0,1,10,0
25784000,1763802051282000,401540309,1162593686,57888,57888,0.25,0.5,0.29999998,0.39999998,0.0,0.0,0,0,0.11,-0.08,-0.07,-0.04,0.0,0,nan,nan,3,0,1,10,0
25832000,1763802051332000,401540309,1162593686,57888,57888,0.25,0.5,0.29999998,0.39999998,0.0,0.0,0,0,0.11,-0.08,-0.07,-0.04,0.0,0,nan,nan,3,0,1,10,0
25884000,1763802051382000,401540307,1162593689,58148,58148,0.25,0.5,0.29999998,0.39999998,0.0,0.0,0,0,0.04,-0.04,-0.01,0.06,0.0,0,nan,nan,3,0,1,10,0
25932000,1763802051432000,401540307,1162593689,58148,58148,0.25,0.5,0.29999998,0.39999998,0.0,0.0,0,0,0.02,-0.02,0.02,0.089999996,0.0,0,nan,nan,3,0,1,10,0
25984000,1763802051482000,401540307,1162593689,58148,58148,0.25,0.5,0.29999998,0.39999998,0.0,0.0,0,0,0.03,-0.01,0.02,0.11,0.0,0,nan,nan,3,0,1,10,0
26032000,1763802051532000,401540307,1162593689,58148,58148,0.25,0.5,0.29999998,0.39999998,0.0,0.0,0,0,0.03,-0.01,0.03,0.11,0.0,0,nan,nan,3,0,1,10,0
26084000,1763802051582000,401540311,1162593683,57883,57883,0.25,0.5,0.29999998,0.39999998,0.0,0.0,0,0,0.07,-0.049999997,0.049999997,-0.07,0.0,0,nan,nan,3,0,1,10,0
26132000,1763802051632000,401540311,1162593683,57883,57883,0.25,0.5,0.29999998,0.39999998,0.0,0.0,0,0,0.089999996,-0.06,0.06,-0.14,0.0,0,nan,nan,3,0,1,10,0
26184000,1763802051682000,401540311,1162593683,57883,57883,0.25,0.5,0.29999998,0.39999998,0.0,0.0,0,0,0.089999996,-0.06,0.07,-0.17,0.0,0,nan,nan,3,0,1,10,0
26232000,1763802051732000,401540311,1162593683,57883,57883,0.25,0.5,0.29999998,0.39999998,0.0,0.0,0,0,0.099999994,-0.07,0.07,-0.17999999,0.0,0,nan,nan,3,0,1,10,0
26284000,1763802051782000,401540298,1162593691,57856,57856,0.25,0.5,0.29999998,0.39999998,0.0,0.0,0,0,0.04,-0.04,-0.01,-0.02,0.0,0,nan,nan,3,0,1,10,0
26332000,1763802051832000,401540298,1162593691,57856,57856,0.25,0.5,0.29999998,0.39999998,0.0,0.0,0,0,0.049999997,-0.03,-0.04,0.04,0.0,0,nan,nan,3,0,1,10,0
26384000,1763802051882000,401540298,1162593691,57856,57856,0.25,0.5,0.29999998,0.39999998,0.0,0.0,0,0,0.049999997,-0.02,-0.049999997,0.06,0.0,0,nan,nan,3,0,1,10,0
26432000,1763802051932000,401540298,1162593691,57856,57856,0.25,0.5,0.29999998,0.39999998,0.0,0.0,0,0,0.06,-0.02,-0.049999997,0.07,0.0,0,nan,nan,3,0,1,10,0
26484000,1763802051982000,401540303,1162593685,58256,58256,0.25,0.5,0.29999998,0.39999998,0.0,0.0,0,0,0.08,0.03,-0.07,0.12,0.0,0,nan,nan,3,0,1,10,0
26532000,1763802052032000,401540303,1162593685,58256,58256,0.25,0.5,0.29999998,0.39999998,0.0,0.0,0,0,0.089999996,0.049999997,-0.07,0.14,0.0,0,nan,nan,3,0,1,10,0
26584000,1763802052082000,401540303,1162593685,58256,58256,0.25,0.5,0.29999998,0.39999998,0.0,0.0,0,0,0.099999994,0.06,-0.08,0.14999999,0.0,0,nan,nan,3,0,1,10,0
26632000,1763802052132000,401540303,1162593685,58256,58256,0.25,0.5,0.29999998,0.39999998,0.0,0.0,0,0,0.099999994,0.06,-0.08,0.14999999,0.0,0,nan,nan,3,0,1,10,0
26684000,1763802052182000,401540293,1162593689,58117,58117,0.25,0.5,0.29999998,0.39999998,0.0,0.0,0,0,0.07,0.06,0.03,0.04,0.0,0,nan,nan,3,0,1,10,0
26732000,1763802052232000,401540293,1162593689,58117,58117,0.25,0.5,0.29999998,0.39999998,0.0,0.0,0,0,0.089999996,0.06,0.07,0.0,0.0,0,nan,nan,3,0,1,10,0
26784000,1763802052282000,401540293,1162593689,58117,58117,0.25,0.5,0.29999998,0.39999998,0.0,0.0,0,0,0.099999994,0.06,0.08,-0.01,0.0,0,nan,nan,3,0,1,10,0
26832000,1763802052332000,401540293,1162593689,58117,58117,0.25,0.5,0.29999998,0.39999998,0.0,0.0,0,0,0.11,0.06,0.089999996,-0.02,0.0,0,nan,nan,3,0,1,10,0
26884000,1763802052382000,401540306,1162593692,57818,57818,0.25,0.5,0.29999998,0.39999998,0.0,0.0,0,0,0.049999997,0.03,0.049999997,-0.089999996,0.0,0,nan,nan,3,0,1,10,0
26932000,1763802052432000,401540306,1162593692,57818,57818,0.25,0.5,0.29999998,0.39999998,0.0,0.0,0,0,0.03,0.02,0.03,-0.12,0.0,0,nan,nan,3,0,1,10,0
26984000,1763802052482000,401540306,1162593692,57818,57818,0.25,0.5,0.29999998,0.39999998,0.0,0.0,0,0,0.03,0.01,0.03,-0.14,0.0,0,nan,nan,3,0,1,10,0
27032000,1763802052532000,401540306,1162593692,57818,57818,0.25,0.5,0.29999998,0.39999998,0.0,0.0,0,0,0.02,0.01,0.02,-0.14,0.0,0,nan,nan,3,0,1,10,0
27084000,1763802052582000,401540307,1162593689,58227,58227,0.25,0.5,0.29999998,0.39999998,0.0,0.0,0,0,0.089999996,0.06,0.06,0.0,0.0,0,nan,nan,3,0,1,10,0
27132000,1763802052632000,401540307,1162593689,58227,58227,0.25,0.5,0.29999998,0.39999998,0.0,0.0,0,0,0.11,0.08,0.08,0.049999997,0.0,0,nan,nan,3,0,1,10,0
27184000,1763802052682000,401540307,1162593689,58227,58227,0.25,0.5,0.29999998,0.39999998,0.0,0.0,0,0,0.12,0.089999996,0.089999996,0.07,0.0,0,nan,nan,3,0,1,10,0
27232000,1763802052732000,401540307,1162593689,58227,58227,0.25,0.5,0.29999998,0.39999998,0.0,0.0,0,0,0.12,0.089999996,0.089999996,0.08,0.0,0,nan,nan,3,0,1,10,0
27284000,1763802052782000,401540304,1162593696,58171,58171,0.25,0.5,0.29999998,0.39999998,0.0,0.0,0,0,0.11,0.049999997,0.089999996,0.08,0.0,0,nan,nan,3,0,1,10,0
27332000,1763802052832000,401540304,1162593696,58171,58171,0.25,0.5,0.29999998,0.39999998,0.0,0.0,0,0,0.099999994,0.04,0.089999996,0.07,0.0,0,nan,nan,3,0,1,10,0
27384000,1763802052882000,401540304,1162593696,58171,58171,0.25,0.5,0.29999998,0.39999998,0.0,0.0,0,0,0.099999994,0.04,0.099999994,0.07,0.0,0,nan,nan,3,0,1,10,0
27432000,1763802052932000,401540304,1162593696,58171,58171,0.25,0.5,0.29999998,0.39999998,0.0,0.0,0,0,0.099999994,0.03,0.099999994,0.07,0.0,0,nan,nan,3,0,1,10,0
27436000,1763802052933000,401540301,1162593689,58066,58066,0.25,0.5,0.29999998,0.39999998,0.0,0.0,0,0,0.099999994,0.03,0.089999996,0.08,0.0,0,nan,nan,3,0,1,10,0
27532000,1763802053032000,401540301,1162593689,58066,58066,0.25,0.5,0.29999998,0.39999998,0.0,0.0,0,0,0.04,-0.01,0.04,0.17999999,0.0,0,nan,nan,3,0,1,10,0
27584000,1763802053082000,401540301,1162593689,58066,58066,0.25,0.5,0.29999998,0.39999998,0.0,0.0,0,0,0.04,-0.01,0.04,0.19,0.0,0,nan,nan,3,0,1,10,0
27629000,1763802053132000,401540301,1162593689,58066,58066,0.25,0.5,0.29999998,0.39999998,0.0,0.0,0,0,0.04,-0.01,0.03,0.19999999,0.0,0,nan,nan,3,0,1,10,0
27681000,1763802053183000,401540294,1162593671,57822,57822,0.25,0.5,0.29999998,0.39999998,0.0,0.0,0,0,0.02,0.01,0.01,0.14,0.0,0,nan,nan,3,0,1,10,0
27784000,1763802053282000,401540294,1162593671,57822,57822,0.25,0.5,0.29999998,0.39999998,0.0,0.0,0,0,0.03,0.03,0.0,0.11,0.0,0,nan,nan,3,0,1,10,0
27832000,1763802053332000,401540294,1162593671,57822,57822,0.25,0.5,0.29999998,0.39999998,0.0,0.0,0,0,0.03,0.03,0.0,0.11,0.0,0,nan,nan,3,0,1,10,0
27885000,1763802053382000,401540305,1162593684,58075,58075,0.25,0.5,0.29999998,0.39999998,0.0,0.0,0,0,0.04,0.04,-0.03,-0.04,0.0,0,nan,nan,3,0,1,10,0
27932000,1763802053432000,401540305,1162593684,58075,58075,0.25,0.5,0.29999998,0.39999998,0.0,0.0,0,0,0.049999997,0.04,-0.04,-0.099999994,0.0,0,nan,nan,3,0,1,10,0
27936000,1763802053433000,401540305,1162593684,58075,58075,0.25,0.5,0.29999998,0.39999998,0.0,0.0,0,0,0.049999997,0.04,-0.04,-0.099999994,0.0,0,nan,nan,3,0,1,10,0
28032000,1763802053532000,401540305,1162593684,58075,58075,0.25,0.5,0.29999998,0.39999998,0.0,0.0,0,0,0.06,0.04,-0.04,-0.12,0.0,0,nan,nan,3,0,1,10,0
28084000,1763802053582000,401540305,1162593679,57929,57929,0.25,0.5,0.29999998,0.39999998,0.0,0.0,0,0,0.06,0.06,0.0,-0.08,0.0,0,nan,nan,3,0,1,10,0
28129000,1763802053632000,401540305,1162593679,57929,57929,0.25,0.5,0.29999998,0.39999998,0.0,0.0,0,0,0.07,0.07,0.01,-0.06,0.0,0,nan,nan,3,0,1,10,0
28181000,1763802053683000,401540305,1162593679,57929,57929,0.25,0.5,0.29999998,0.39999998,0.0,0.0,0,0,0.07,0.07,0.01,-0.049999997,0.0,0,nan,nan,3,0,1,10,0
28232000,1763802053732000,401540305,1162593679,57929,57929,0.25,0.5,0.29999998,0.39999998,0.0,0.0,0,0,0.08,0.07,0.02,-0.049999997,0.0,0,nan,nan,3,0,1,10,0
28284000,1763802053782000,401540296,1162593696,58228,58228,0.25,0.5,0.29999998,0.39999998,0.0,0.0,0,0,0.049999997,0.04,0.03,-0.13,0.0,0,nan,nan,3,0,1,10,0
28332000,1763802053832000,401540296,1162593696,58228,58228,0.25,0.5,0.29999998,0.39999998,0.0,0.0,0,0,0.049999997,0.03,0.04,-0.16,0.0,0,nan,nan,3,0,1,10,0
28384000,1763802053882000,401540296,1162593696,58228,58228,0.25,0.5,0.29999998,0.39999998,0.0,0.0,0,0,0.049999997,0.02,0.04,-0.17,0.0,0,nan,nan,3,0,1,10,0
28432000,1763802053932000,401540296,1162593696,58228,58228,0.25,0.5,0.29999998,0.39999998,0.0,0.0,0,0,0.049999997,0.02,0.04,-0.17,0.0,0,nan,nan,3,0,1,10,0
28484000,1763802053982000,401540293,1162593685,58219,58219,0.25,0.5,0.29999998,0.39999998,0.0,0.0,0,0,0.04,-0.02,0.04,-0.049999997,0.0,0,nan,nan,3,0,1,10,0
28532000,1763802054032000,401540293,1162593685,58219,58219,0.25,0.5,0.29999998,0.39999998,0.0,0.0,0,0,0.049999997,-0.04,0.04,-0.01,0.0,0,nan,nan,3,0,1,10,0
28584000,1763802054082000,401540293,1162593685,58219,58219,0.25,0.5,0.29999998,0.39999998,0.0,0.0,0,0,0.06,-0.04,0.04,0.0,0.0,0,nan,nan,3,0,1,10,0
28632000,1763802054132000,401540293,1162593685,58219,58219,0.25,0.5,0.29999998,0.39999998,0.0,0.0,0,0,0.06,-0.049999997,0.04,0.01,0.0,0,nan,nan,3,0,1,10,0
28684000,1763802054182000,401540309,1162593681,58060,58060,0.25,0.5,0.29999998,0.39999998,0.0,0.0,0,0,0.06,-0.06,0.0,0.099999994,0.0,0,nan,nan,3,0,1,10,0
28732000,1763802054232000,401540309,1162593681,58060,58060,0.25,0.5,0.29999998,0.39999998,0.0,0.0,0,0,0.07,-0.07,-0.01,0.14,0.0,0,nan,nan,3,0,1,10,0
28784000,1763802054282000,401540309,1162593681,58060,58060,0.25,0.5,0.29999998,0.39999998,0.0,0.0,0,0,0.07,-0.07,-0.01,0.14999999,0.0,0,nan,nan,3,0,1,10,0
28832000,1763802054332000,401540309,1162593681,58060,58060,0.25,0.5,0.29999998,0.39999998,0.0,0.0,0,0,0.07,-0.07,-0.02,0.14999999,0.0,0,nan,nan,3,0,1,10,0
28884000,1763802054382000,401540292,1162593694,57895,57895,0.25,0.5,0.29999998,0.39999998,0.0,0.0,0,0,0.099999994,-0.089999996,-0.049999997,0.14,0.0,0,nan,nan,3,0,1,10,0
28932000,1763802054432000,401540292,1162593694,57895,57895,0.25,0.5,0.29999998,0.39999998,0.0,0.0,0,0,0.11,-0.089999996,-0.06,0.14,0.0,0,nan,nan,3,0,1,10,0
28984000,1763802054482000,401540292,1162593694,57895,57895,0.25,0.5,0.29999998,0.39999998,0.0,0.0,0,0,0.12,-0.099999994,-0.06,0.14,0.0,0,nan,nan,3,0,1,10,0
29032000,1763802054532000,401540292,1162593694,57895,57895,0.25,0.5,0.29999998,0.39999998,0.0,0.0,0,0,0.12,-0.099999994,-0.07,0.14,0.0,0,nan,nan,3,0,1,10,0
29084000,1763802054582000,401540307,1162593682,58254,58254,0.25,0.5,0.29999998,0.39999998,0.0,0.0,0,0,0.03,0.0,0.03,0.049999997,0.0,0,nan,nan,3,0,1,10,0
29132000,1763802054632000,401540307,1162593682,58254,58254,0.25,0.5,0.29999998,0.39999998,0.0,0.0,0,0,0.08,0.03,0.07,0.02,0.0,0,nan,nan,3,0,1,10,0
29184000,1763802054682000,401540307,1162593682,58254,58254,0.25,0.5,0.29999998,0.39999998,0.0,0.0,0,0,0.089999996,0.049999997,0.08,0.01,0.0,0,nan,nan,3,0,1,10,0
29232000,1763802054732000,401540307,1162593682,58254,58254,0.25,0.5,0.29999998,0.39999998,0.0,0.0,0,0,0.099999994,0.049999997,0.089999996,0.01,0.0,0,nan,nan,3,0,1,10,0
29284000,1763802054782000,401540301,1162593683,57826,57826,0.25,0.5,0.29999998,0.39999998,0.0,0.0,0,0,0.07,0.07,0.0,-0.099999994,0.0,0,nan,nan,3,0,1,10,0
29332000,1763802054832000,401540301,1162593683,57826,57826,0.25,0.5,0.29999998,0.39999998,0.0,0.0,0,0,0.08,0.08,-0.03,-0.14,0.0,0,nan,nan,3,0,1,10,0
29384000,1763802054882000,401540301,1162593683,57826,57826,0.25,0.5,0.29999998,0.39999998,0.0,0.0,0,0,0.089999996,0.08,-0.04,-0.16,0.0,0,nan,nan,3,0,1,10,0
29432000,1763802054932000,401540301,1162593683,57826,57826,0.25,0.5,0.29999998,0.39999998,0.0,0.0,0,0,0.089999996,0.08,-0.049999997,-0.16,0.0,0,nan,nan,3,0,1,10,0
29484000,1763802054982000,401540312,1162593692,58078,58078,0.25,0.5,0.29999998,0.39999998,0.0,0.0,0,0,0.07,0.01,-0.07,0.04,0.0,0,nan,nan,3,0,1,10,0
29532000,1763802055032000,401540312,1162593692,58078,58078,0.25,0.5,0.29999998,0.39999998,0.0,0.0,0,0,0.08,-0.01,-0.08,0.12,0.0,0,nan,nan,3,0,1,10,0
29584000,1763802055082000,401540312,1162593692,58078,58078,0.25,0.5,0.29999998,0.39999998,0.0,0.0,0,0,0.089999996,-0.02,-0.08,0.14,0.0,0,nan,nan,3,0,1,10,0
29632000,1763802055132000,401540312,1162593692,58078,58078,0.25,0.5,0.29999998,0.39999998,0.0,0.0,0,0,0.089999996,-0.03,-0.08,0.14999999,0.0,0,nan,nan,3,0,1,10,0
29684000,1763802055182000,401540304,1162593676,57928,57928,0.25,0.5,0.29999998,0.39999998,0.0,0.0,0,0,0.089999996,-0.04,-0.08,0.0,0.0,0,nan,nan,3,0,1,10,0
29732000,1763802055232000,401540304,1162593676,57928,57928,0.25,0.5,0.29999998,0.39999998,0.0,0.0,0,0,0.099999994,-0.049999997,-0.08,-0.06,0.0,0,nan,nan,3,0,1,10,0
29784000,1763802055282000,401540304,1162593676,57928,57928,0.25,0.5,0.29999998,0.39999998,0.0,0.0,0,0,0.099999994,-0.049999997,-0.08,-0.08,0.0,0,nan,nan,3,0,1,10,0
29832000,1763802055332000,401540304,1162593676,57928,57928,0.25,0.5,0.29999998,0.39999998,0.0,0.0,0,0,0.099999994,-0.049999997,-0.08,-0.089999996,0.0,0,nan,nan,3,0,1,10,0
29884000,1763802055382000,401540299,1162593692,57967,57967,0.25,0.5,0.29999998,0.39999998,0.0,0.0,0,0,0.089999996,-0.01,-0.089999996,0.06,0.0,0,nan,nan,3,0,1,10,0
29932000,1763802055432000,401540299,1162593692,57967,57967,0.25,0.5,0.29999998,0.39999998,0.0,0.0,0,0,0.099999994,0.0,-0.089999996,0.12,0.0,0,nan,nan,3,0,1,10,0
29984000,1763802055482000,401540299,1162593692,57967,57967,0.25,0.5,0.29999998,0.39999998,0.0,0.0,0,0,0.099999994,0.01,-0.099999994,0.14,0.0,0,nan,nan,3,0,1,10,0
30032000,1763802055532000,401540299,1162593692,57967,57967,0.25,0.5,0.29999998,0.39999998,0.0,0.0,0,0,0.099999994,0.01,-0.099999994,0.14,0.0,0,nan,nan,3,0,1,10,0
30084000,1763802055582000,401540311,1162593682,58163,58163,0.25,0.5,0.29999998,0.39999998,0.0,0.0,0,0,0.099999994,-0.03,-0.089999996,0.02,0.0,0,nan,nan,3,0,1,10,0
30132000,1763802055632000,401540311,1162593682,58163,58163,0.25,0.5,0.29999998,0.39999998,0.0,0.0,0,0,0.099999994,-0.04,-0.089999996,-0.02,0.0,0,nan,nan,3,0,1,10,0
30184000,1763802055682000,401540311,1162593682,58163,58163,0.25,0.5,0.29999998,0.39999998,0.0,0.0,0,0,0.11,-0.049999997,-0.089999996,-0.04,0.0,0,nan,nan,3,0,1,10,0
30232000,1763802055732000,401540311,1162593682,58163,58163,0.25,0.5,0.29999998,0.39999998,0.0,0.0,0,0,0.11,-0.049999997,-0.089999996,-0.04,0.0,0,nan,nan,3,0,1,10,0
30284000,1763802055782000,401540293,1162593685,58141,58141,0.25,0.5,0.29999998,0.39999998,0.0,0.0,0,0,0.01,0.01,0.0,-0.11,0.0,0,nan,nan,3,0,1,10,0
30332000,1763802055832000,401540293,1162593685,58141,58141,0.25,0.5,0.29999998,0.39999998,0.0,0.0,0,0,0.04,0.03,0.03,-0.14,0.0,0,nan,nan,3,0,1,10,0
30384000,1763802055882000,401540293,1162593685,58141,58141,0.25,0.5,0.29999998,0.39999998,0.0,0.0,0,0,0.06,0.04,0.04,-0.14999999,0.0,0,nan,nan,3,0,1,10,0
30432000,1763802055932000,401540293,1162593685,58141,58141,0.25,0.5,0.29999998,0.39999998,0.0,0.0,0,0,0.06,0.04,0.049999997,-0.14999999,0.0,0,nan,nan,3,0,1,10,0
30484000,1763802055982000,401540306,1162593689,58169,58169,0.25,0.5,0.29999998,0.39999998,0.0,0.0,0,0,0.049999997,-0.04,0.02,-0.08,0.0,0,nan,nan,3,0,1,10,0
30532000,1763802056032000,401540306,1162593689,58169,58169,0.25,0.5,0.29999998,0.39999998,0.0,0.0,0,0,0.07,-0.07,0.01,-0.06,0.0,0,nan,nan,3,0,1,10,0
30584000,1763802056082000,401540306,1162593689,58169,58169,0.25,0.5,0.29999998,0.39999998,0.0,0.0,0,0,0.089999996,-0.089999996,0.0,-0.049999997,0.0,0,nan,nan,3,0,1,10,0
30632000,1763802056132000,401540306,1162593689,58169,58169,0.25,0.5,0.29999998,0.39999998,0.0,0.0,0,0,0.089999996,-0.089999996,0.0,-0.04,0.0,0,nan,nan,3,0,1,10,0
30684000,1763802056182000,401540301,1162593673,58120,58120,0.25,0.5,0.29999998,0.39999998,0.0,0.0,0,0,0.08,-0.049999997,-0.06,-0.02,0.0,0,nan,nan,3,0,1,10,0
30732000,1763802056232000,401540301,1162593673,58120,58120,0.25,0.5,0.29999998,0.39999998,0.0,0.0,0,0,0.089999996,-0.03,-0.08,-0.01,0.0,0,nan,nan,3,0,1,10,0
30784000,1763802056282000,401540301,1162593673,58120,58120,0.25,0.5,0.29999998,0.39999998,0.0,0.0,0,0,0.089999996,-0.03,-0.089999996,-0.01,0.0,0,nan,nan,3,0,1,10,0
30832000,1763802056332000,401540301,1162593673,58120,58120,0.25,0.5,0.29999998,0.39999998,0.0,0.0,0,0,0.099999994,-0.03,-0.089999996,0.0,0.0,0,nan,nan,3,0,1,10,0
30884000,1763802056382000,401540292,1162593675,58096,58096,0.25,0.5,0.29999998,0.39999998,0.0,0.0,0,0,0.01,0.0,0.01,-0.099999994,0.0,0,nan,nan,3,0,1,10,0
30932000,1763802056432000,401540292,1162593675,58096,58096,0.25,0.5,0.29999998,0.39999998,0.0,0.0,0,0,0.049999997,0.01,0.04,-0.14,0.0,0,nan,nan,3,0,1,10,0
30984000,1763802056482000,401540292,1162593675,58096,58096,0.25,0.5,0.29999998,0.39999998,0.0,0.0,0,0,0.06,0.01,0.06,-0.14999999,0.0,0,nan,nan,3,0,1,10,0
31032000,1763802056532000,401540292,1162593675,58096,58096,0.25,0.5,0.29999998,0.39999998,0.0,0.0,0,0,0.06,0.01,0.06,-0.16,0.0,0,nan,nan,3,0,1,10,0
31084000,1763802056582000,401540297,1162593681,58236,58236,0.25,0.5,0.29999998,0.39999998,0.0,0.0,0,0,0.04,0.0,-0.04,-0.13,0.0,0,nan,nan,3,0,1,10,0
31132000,1763802056632000,401540297,1162593681,58236,58236,0.25,0.5,0.29999998,0.39999998,0.0,0.0,0,0,0.08,-0.01,-0.08,-0.13,0.0,0,nan,nan,3,0,1,10,0
31184000,1763802056682000,401540297,1162593681,58236,58236,0.25,0.5,0.29999998,0.39999998,0.0,0.0,0,0,0.089999996,-0.01,-0.089999996,-0.12,0.0,0,nan,nan,3,0,1,10,0
31232000,1763802056732000,401540297,1162593681,58236,58236,0.25,0.5,0.29999998,0.39999998,0.0,0.0,0,0,0.099999994,-0.01,-0.099999994,-0.12,0.0,0,nan,nan,3,0,1,10,0
31284000,1763802056782000,401540300,1162593678,58164,58164,0.25,0.5,0.29999998,0.39999998,0.0,0.0,0,0,0.049999997,0.049999997,-0.02,-0.02,0.0,0,nan,nan,3,0,1,10,0
31332000,1763802056832000,401540300,1162593678,58164,58164,0.25,0.5,0.29999998,0.39999998,0.0,0.0,0,0,0.08,0.08,0.01,0.02,0.0,0,nan,nan,3,0,1,10,0
31384000,1763802056882000,401540300,1162593678,58164,58164,0.25,0.5,0.29999998,0.39999998,0.0,0.0,0,0,0.089999996,0.08,0.02,0.03,0.0,0,nan,nan,3,0,1,10,0
31432000,1763802056932000,401540300,1162593678,58164,58164,0.25,0.5,0.29999998,0.39999998,0.0,0.0,0,0,0.089999996,0.089999996,0.03,0.04,0.0,0,nan,nan,3,0,1,10,0
31484000,1763802056982000,401540305,1162593672,58008,58008,0.25,0.5,0.29999998,0.39999998,0.0,0.0,0,0,0.07,-0.02,0.06,0.08,0.0,0,nan,nan,3,0,1,10,0
31532000,1763802057032000,401540305,1162593672,58008,58008,0.25,0.5,0.29999998,0.39999998,0.0,0.0,0,0,0.089999996,-0.049999997,0.08,0.089999996,0.0,0,nan,nan,3,0,1,10,0
31584000,1763802057082000,401540305,1162593672,58008,58008,0.25,0.5,0.29999998,0.39999998,0.0,0.0,0,0,0.11,-0.07,0.08,0.099999994,0.0,0,nan,nan,3,0,1,10,0
31632000,1763802057132000,401540305,1162593672,58008,58008,0.25,0.5,0.29999998,0.39999998,0.0,0.0,0,0,0.11,-0.07,0.08,0.099999994,0.0,0,nan,nan,3,0,1,10,0
31684000,1763802057182000,401540303,1162593692,58222,58222,0.25,0.5,0.29999998,0.39999998,0.0,0.0,0,0,0.03,-0.03,0.01,0.08,0.0,0,nan,nan,3,0,1,10,0
31732000,1763802057232000,401540303,1162593692,58222,58222,0.25,0.5,0.29999998,0.39999998,0.0,0.0,0,0,0.02,-0.01,-0.01,0.07,0.0,0,nan,nan,3,0,1,10,0
31784000,1763802057282000,401540303,1162593692,58222,58222,0.25,0.5,0.29999998,0.39999998,0.0,0.0,0,0,0.02,-0.01,-0.02,0.07,0.0,0,nan,nan,3,0,1,10,0
31832000,1763802057332000,401540303,1162593692,58222,58222,0.25,0.5,0.29999998,0.39999998,0.0,0.0,0,0,0.03,0.0,-0.03,0.07,0.0,0,nan,nan,3,0,1,10,0
31884000,1763802057382000,401540293,1162593671,58060,58060,0.25,0.5,0.29999998,0.39999998,0.0,0.0,0,0,0.07,0.049999997,0.049999997,0.02,0.0,0,nan,nan,3,0,1,10,0
31932000,1763802057432000,401540293,1162593671,58060,58060,0.25,0.5,0.29999998,0.39999998,0.0,0.0,0,0,0.099999994,0.07,0.08,0.0,0.0,0,nan,nan,3,0,1,10,0
31984000,1763802057482000,401540293,1162593671,58060,58060,0.25,0.5,0.29999998,0.39999998,0.0,0.0,0,0,0.12,0.08,0.089999996,0.0,0.0,0,nan,nan,3,0,1,10,0
32032000,1763802057532000,401540293,1162593671,58060,58060,0.25,0.5,0.29999998,0.39999998,0.0,0.0,0,0,0.12,0.08,0.089999996,-0.01,0.0,0,nan,nan,3,0,1,10,0
32084000,1763802057582000,401540292,1162593670,57943,57943,0.25,0.5,0.29999998,0.39999998,0.0,0.0,0,0,0.04,0.03,-0.02,-0.11,0.0,0,nan,nan,3,0,1,10,0
32132000,1763802057632000,401540292,1162593670,57943,57943,0.25,0.5,0.29999998,0.39999998,0.0,0.0,0,0,0.06,0.01,-0.06,-0.14,0.0,0,nan,nan,3,0,1,10,0
32184000,1763802057682000,401540292,1162593670,57943,57943,0.25,0.5,0.29999998,0.39999998,0.0,0.0,0,0,0.08,0.0,-0.08,-0.16,0.0,0,nan,nan,3,0,1,10,0
32232000,1763802057732000,401540292,1162593670,57943,57943,0.25,0.5,0.29999998,0.39999998,0.0,0.0,0,0,0.08,0.0,-0.08,-0.16,0.0,0,nan,nan,3,0,1,10,0
32284000,1763802057782000,401540303,1162593672,58266,58266,0.25,0.5,0.29999998,0.39999998,0.0,0.0,0,0,0.099999994,-0.049999997,-0.089999996,-0.04,0.0,0,nan,nan,3,0,1,10,0
32332000,1763802057832000,401540303,1162593672,58266,58266,0.25,0.5,0.29999998,0.39999998,0.0,0.0,0,0,0.12,-0.07,-0.099999994,0.01,0.0,0,nan,nan,3,0,1,10,0
32384000,1763802057882000,401540303,1162593672,58266,58266,0.25,0.5,0.29999998,0.39999998,0.0,0.0,0,0,0.12,-0.08,-0.099999994,0.03,0.0,0,nan,nan,3,0,1,10,0
32432000,1763802057932000,401540303,1162593672,58266,58266,0.25,0.5,0.29999998,0.39999998,0.0,0.0,0,0,0.13,-0.08,-0.099999994,0.03,0.0,0,nan,nan,3,0,1,10,0
32484000,1763802057982000,401540298,1162593690,57934,57934,0.25,0.5,0.29999998,0.39999998,0.0,0.0,0,0,0.13,-0.08,-0.089999996,0.089999996,0.0,0,nan,nan,3,0,1,10,0
32532000,1763802058032000,401540298,1162593690,57934,57934,0.25,0.5,0.29999998,0.39999998,0.0,0.0,0,0,0.13,-0.08,-0.089999996,0.11,0.0,0,nan,nan,3,0,1,10,0
32584000,1763802058082000,401540298,1162593690,57934,57934,0.25,0.5,0.29999998,0.39999998,0.0,0.0,0,0,0.13,-0.08,-0.089999996,0.12,0.0,0,nan,nan,3,0,1,10,0
32632000,1763802058132000,401540298,1162593690,57934,57934,0.25,0.5,0.29999998,0.39999998,0.0,0.0,0,0,0.13,-0.089999996,-0.089999996,0.12,0.0,0,nan,nan,3,0,1,10,0
32684000,1763802058182000,401540299,1162593679,57905,57905,0.25,0.5,0.29999998,0.39999998,0.0,0.0,0,0,0.02,-0.02,-0.01,0.14,0.0,0,nan,nan,3,0,1,10,0
32732000,1763802058232000,401540299,1162593679,57905,57905,0.25,0.5,0.29999998,0.39999998,0.0,0.0,0,0,0.02,0.01,0.02,0.14999999,0.0,0,nan,nan,3,0,1,10,0
32784000,1763802058282000,401540299,1162593679,57905,57905,0.25,0.5,0.29999998,0.39999998,0.0,0.0,0,0,0.04,0.02,0.03,0.14999999,0.0,0,nan,nan,3,0,1,10,0
32832000,1763802058332000,401540299,1162593679,57905,57905,0.25,0.5,0.29999998,0.39999998,0.0,0.0,0,0,0.04,0.02,0.04,0.14999999,0.0,0,nan,nan,3,0,1,10,0
32884000,1763802058382000,401540312,1162593680,58179,58179,0.25,0.5,0.29999998,0.39999998,0.0,0.0,0,0,0.07,0.06,-0.02,-0.03,0.0,0,nan,nan,3,0,1,10,0
32932000,1763802058432000,401540312,1162593680,58179,58179,0.25,0.5,0.29999998,0.39999998,0.0,0.0,0,0,0.089999996,0.08,-0.04,-0.099999994,0.0,0,nan,nan,3,0,1,10,0
32984000,1763802058482000,401540312,1162593680,58179,58179,0.25,0.5,0.29999998,0.39999998,0.0,0.0,0,0,0.099999994,0.08,-0.049999997,-0.12,0.0,0,nan,nan,3,0,1,10,0
33032000,1763802058532000,401540312,1162593680,58179,58179,0.25,0.5,0.29999998,0.39999998,0.0,0.0,0,0,0.099999994,0.089999996,-0.049999997,-0.13,0.0,0,nan,nan,3,0,1,10,0
33084000,1763802058582000,401540298,1162593690,57848,57848,0.25,0.5,0.29999998,0.39999998,0.0,0.0,0,0,0.04,0.02,0.03,0.0,0.0,0,nan,nan,3,0,1,10,0
33132000,1763802058632000,401540298,1162593690,57848,57848,0.25,0.5,0.29999998,0.39999998,0.0,0.0,0,0,0.06,0.0,0.06,0.049999997,0.0,0,nan,nan,3,0,1,10,0
33184000,1763802058682000,401540298,1162593690,57848,57848,0.25,0.5,0.29999998,0.39999998,0.0,0.0,0,0,0.07,-0.01,0.07,0.07,0.0,0,nan,nan,3,0,1,10,0
33232000,1763802058732000,401540298,1162593690,57848,57848,0.25,0.5,0.29999998,0.39999998,0.0,0.0,0,0,0.08,-0.01,0.08,0.07,0.0,0,nan,nan,3,0,1,10,0
33284000,1763802058782000,401540300,1162593673,58094,58094,0.25,0.5,0.29999998,0.39999998,0.0,0.0,0,0,0.06,-0.06,0.02,0.14,0.0,0,nan,nan,3,0,1,10,0
33332000,1763802058832000,401540300,1162593673,58094,58094,0.25,0.5,0.29999998,0.39999998,0.0,0.0,0,0,0.07,-0.07,0.0,0.16,0.0,0,nan,nan,3,0,1,10,0
33384000,1763802058882000,401540300,1162593673,58094,58094,0.25,0.5,0.29999998,0.39999998,0.0,0.0,0,0,0.08,-0.08,-0.01,0.17,0.0,0,nan,nan,3,0,1,10,0
33432000,1763802058932000,401540300,1162593673,58094,58094,0.25,0.5,0.29999998,0.39999998,0.0,0.0,0,0,0.08,-0.08,-0.01,0.17999999,0.0,0,nan,nan,3,0,1,10,0
33484000,1763802058982000,401540309,1162593695,57953,57953,0.25,0.5,0.29999998,0.39999998,0.0,0.0,0,0,0.08,-0.07,0.03,-0.01,0.0,0,nan,nan,3,0,1,10,0
33532000,1763802059032000,401540309,1162593695,57953,57953,0.25,0.5,0.29999998,0.39999998,0.0,0.0,0,0,0.08,-0.07,0.049999997,-0.07,0.0,0,nan,nan,3,0,1,10,0
33584000,1763802059082000,401540309,1162593695,57953,57953,0.25,0.5,0.29999998,0.39999998,0.0,0.0,0,0,0.089999996,-0.07,0.049999997,-0.099999994,0.0,0,nan,nan,3,0,1,10,0
33632000,1763802059132000,401540309,1162593695,57953,57953,0.25,0.5,0.29999998,0.39999998,0.0,0.0,0,0,0.089999996,-0.07,0.06,-0.11,0.0,0,nan,nan,3,0,1,10,0
33684000,1763802059182000,401540308,1162593674,58109,58109,0.25,0.5,0.29999998,0.39999998,0.0,0.0,0,0,0.04,-0.03,0.03,0.03,0.0,0,nan,nan,3,0,1,10,0
33732000,1763802059232000,401540308,1162593674,58109,58109,0.25,0.5,0.29999998,0.39999998,0.0,0.0,0,0,0.03,-0.02,0.02,0.08,0.0,0,nan,nan,3,0,1,10,0
33784000,1763802059282000,401540308,1162593674,58109,58109,0.25,0.5,0.29999998,0.39999998,0.0,0.0,0,0,0.02,-0.01,0.02,0.099999994,0.0,0,nan,nan,3,0,1,10,0
33832000,1763802059332000,401540308,1162593674,58109,58109,0.25,0.5,0.29999998,0.39999998,0.0,0.0,0,0,0.02,-0.01,0.02,0.11,0.0,0,nan,nan,3,0,1,10,0
33884000,1763802059382000,401540305,1162593696,57874,57874,0.25,0.5,0.29999998,0.39999998,0.0,0.0,0,0,0.089999996,-0.07,0.049999997,0.01,0.0,0,nan,nan,3,0,1,10,0
33932000,1763802059432000,401540305,1162593696,57874,57874,0.25,0.5,0.29999998,0.39999998,0.0,0.0,0,0,0.11,-0.089999996,0.07,-0.02,0.0,0,nan,nan,3,0,1,10,0
33984000,1763802059482000,401540305,1162593696,57874,57874,0.25,0.5,0.29999998,0.39999998,0.0,0.0,0,0,0.12,-0.099999994,0.07,-0.04,0.0,0,nan,nan,3,0,1,10,0
34032000,1763802059532000,401540305,1162593696,57874,57874,0.25,0.5,0.29999998,0.39999998,0.0,0.0,0,0,0.12,-0.099999994,0.07,-0.04,0.0,0,nan,nan,3,0,1,10,0
34084000,1763802059582000,401540312,1162593676,57844,57844,0.25,0.5,0.29999998,0.39999998,0.0,0.0,0,0,0.07,-0.049999997,0.049999997,0.0,0.0,0,nan,nan,3,0,1,10,0
34132000,1763802059632000,401540312,1162593676,57844,57844,0.25,0.5,0.29999998,0.39999998,0.0,0.0,0,0,0.06,-0.03,0.049999997,0.02,0.0,0,nan,nan,3,0,1,10,0
34184000,1763802059682000,401540312,1162593676,57844,57844,0.25,0.5,0.29999998,0.39999998,0.0,0.0,0,0,0.049999997,-0.03,0.04,0.02,0.0,0,nan,nan,3,0,1,10,0
34232000,1763802059732000,401540312,1162593676,57844,57844,0.25,0.5,0.29999998,0.39999998,0.0,0.0,0,0,0.049999997,-0.02,0.04,0.03,0.0,0,nan,nan,3,0,1,10,0
34284000,1763802059782000,401540300,1162593693,58115,58115,0.25,0.5,0.29999998,0.39999998,0.0,0.0,0,0,0.04,0.0,0.04,-0.11,0.0,0,nan,nan,3,0,1,10,0
34332000,1763802059832000,401540300,1162593693,58115,58115,0.25,0.5,0.29999998,0.39999998,0.0,0.0,0,0,0.04,0.01,0.04,-0.16,0.0,0,nan,nan,3,0,1,10,0
34384000,1763802059882000,401540300,1162593693,58115,58115,0.25,0.5,0.29999998,0.39999998,0.0,0.0,0,0,0.04,0.01,0.04,-0.17999999,0.0,0,nan,nan,3,0,1,10,0
34432000,1763802059932000,401540300,1162593693,58115,58115,0.25,0.5,0.29999998,0.39999998,0.0,0.0,0,0,0.04,0.02,0.04,-0.17999999,0.0,0,nan,nan,3,0,1,10,0
34484000,1763802059982000,401540301,1162593687,58096,58096,0.25,0.5,0.29999998,0.39999998,0.0,0.0,0,0,0.02,0.01,-0.02,-0.02,0.0,0,nan,nan,3,0,1,10,0
34532000,1763802060032000,401540301,1162593687,58096,58096,0.25,0.5,0.29999998,0.39999998,0.0,0.0,0,0,0.04,0.01,-0.04,0.04,0.0,0,nan,nan,3,0,1,10,0
34584000,1763802060082000,401540301,1162593687,58096,58096,0.25,0.5,0.29999998,0.39999998,0.0,0.0,0,0,0.049999997,0.01,-0.04,0.06,0.0,0,nan,nan,3,0,1,10,0
34632000,1763802060132000,401540301,1162593687,58096,58096,0.25,0.5,0.29999998,0.39999998,0.0,0.0,0,0,0.049999997,0.0,-0.049999997,0.07,0.0,0,nan,nan,3,0,1,10,0
34684000,1763802060182000,401540304,1162593674,58102,58102,0.25,0.5,0.29999998,0.39999998,0.0,0.0,0,0,0.04,0.04,0.0,0.12,0.0,0,nan,nan,3,0,1,10,0
34732000,1763802060232000,401540304,1162593674,58102,58102,0.25,0.5,0.29999998,0.39999998,0.0,0.0,0,0,0.06,0.049999997,0.01,0.14,0.0,0,nan,nan,3,0,1,10,0
34784000,1763802060282000,401540304,1162593674,58102,58102,0.25,0.5,0.29999998,0.39999998,0.0,0.0,0,0,0.06,0.06,0.02,0.14,0.0,0,nan,nan,3,0,1,10,0
34832000,1763802060332000,401540304,1162593674,58102,58102,0.25,0.5,0.29999998,0.39999998,0.0,0.0,0,0,0.06,0.06,0.02,0.14999999,0.0,0,nan,nan,3,0,1,10,0
34884000,1763802060382000,401540298,1162593686,58153,58153,0.25,0.5,0.29999998,0.39999998,0.0,0.0,0,0,0.08,0.08,0.02,0.0,0.0,0,nan,nan,3,0,1,10,0
34932000,1763802060432000,401540298,1162593686,58153,58153,0.25,0.5,0.29999998,0.39999998,0.0,0.0,0,0,0.08,0.08,0.01,-0.06,0.0,0,nan,nan,3,0,1,10,0
34984000,1763802060482000,401540298,1162593686,58153,58153,0.25,0.5,0.29999998,0.39999998,0.0,0.0,0,0,0.089999996,0.089999996,0.01,-0.08,0.0,0,nan,nan,3,0,1,10,0
35032000,1763802060532000,401540298,1162593686,58153,58153,0.25,0.5,0.29999998,0.39999998,0.0,0.0,0,0,0.089999996,0.089999996,0.01,-0.089999996,0.0,0,nan,nan,3,0,1,10,0
35084000,1763802060582000,401540294,1162593673,57966,57966,0.25,0.5,0.29999998,0.39999998,0.0,0.0,0,0,0.03,-0.03,0.02,0.089999996,0.0,0,nan,nan,3,0,1,10,0
35132000,1763802060632000,401540294,1162593673,57966,57966,0.25,0.5,0.29999998,0.39999998,0.0,0.0,0,0,0.07,-0.07,0.02,0.16,0.0,0,nan,nan,3,0,1,10,0
35184000,1763802060682000,401540294,1162593673,57966,57966,0.25,0.5,0.29999998,0.39999998,0.0,0.0,0,0,0.089999996,-0.089999996,0.02,0.17999999,0.0,0,nan,nan,3,0,1,10,0
35232000,1763802060732000,401540294,1162593673,57966,57966,0.25,0.5,0.29999998,0.39999998,0.0,0.0,0,0,0.089999996,-0.089999996,0.03,0.19,0.0,0,nan,nan,3,0,1,10,0
35284000,1763802060782000,401540297,1162593685,58102,58102,0.25,0.5,0.29999998,0.39999998,0.0,0.0,0,0,0.049999997,-0.04,0.04,0.04,0.0,0,nan,nan,3,0,1,10,0
35332000,1763802060832000,401540297,1162593685,58102,58102,0.25,0.5,0.29999998,0.39999998,0.0,0.0,0,0,0.04,-0.02,0.04,-0.02,0.0,0,nan,nan,3,0,1,10,0
35384000,1763802060882000,401540297,1162593685,58102,58102,0.25,0.5,0.29999998,0.39999998,0.0,0.0,0,0,0.04,-0.01,0.04,-0.04,0.0,0,nan,nan,3,0,1,10,0
35432000,1763802060932000,401540297,1162593685,58102,58102,0.25,0.5,0.29999998,0.39999998,0.0,0.0,0,0,0.04,-0.01,0.04,-0.049999997,0.0,0,nan,nan,3,0,1,10,0
35484000,1763802060982000,401540294,1162593691,57973,57973,0.25,0.5,0.29999998,0.39999998,0.0,0.0,0,0,0.04,-0.04,-0.01,0.07,0.0,0,nan,nan,3,0,1,10,0
35532000,1763802061032000,401540294,1162593691,57973,57973,0.25,0.5,0.29999998,0.39999998,0.0,0.0,0,0,0.049999997,-0.04,-0.03,0.12,0.0,0,nan,nan,3,0,1,10,0
35584000,1763802061082000,401540294,1162593691,57973,57973,0.25,0.5,0.29999998,0.39999998,0.0,0.0,0,0,0.06,-0.049999997,-0.03,0.13,0.0,0,nan,nan,3,0,1,10,0
35632000,1763802061132000,401540294,1162593691,57973,57973,0.25,0.5,0.29999998,0.39999998,0.0,0.0,0,0,0.06,-0.049999997,-0.04,0.14,0.0,0,nan,nan,3,0,1,10,0
35684000,1763802061182000,401540297,1162593679,58175,58175,0.25,0.5,0.29999998,0.39999998,0.0,0.0,0,0,0.08,-0.04,-0.07,0.14,0.0,0,nan,nan,3,0,1,10,0
35732000,1763802061232000,401540297,1162593679,58175,58175,0.25,0.5,0.29999998,0.39999998,0.0,0.0,0,0,0.099999994,-0.04,-0.089999996,0.14,0.0,0,nan,nan,3,0,1,10,0
35784000,1763802061282000,401540297,1162593679,58175,58175,0.25,0.5,0.29999998,0.39999998,0.0,0.0,0,0,0.099999994,-0.04,-0.089999996,0.14,0.0,0,nan,nan,3,0,1,10,0
35832000,1763802061332000,401540297,1162593679,58175,58175,0.25,0.5,0.29999998,0.39999998,0.0,0.0,0,0,0.099999994,-0.04,-0.089999996,0.14,0.0,0,nan,nan,3,0,1,10,0
35884000,1763802061382000,401540312,1162593686,58210,58210,0.25,0.5,0.29999998,0.39999998,0.0,0.0,0,0,0.04,0.04,0.01,-0.04,0.0,0,nan,nan,3,0,1,10,0
35932000,1763802061432000,401540312,1162593686,58210,58210,0.25,0.5,0.29999998,0.39999998,0.0,0.0,0,0,0.08,0.06,0.049999997,-0.099999994,0.0,0,nan,nan,3,0,1,10,0
35984000,1763802061482000,401540312,1162593686,58210,58210,0.25,0.5,0.29999998,0.39999998,0.0,0.0,0,0,0.089999996,0.07,0.06,-0.12,0.0,0,nan,nan,3,0,1,10,0
36032000,1763802061532000,401540312,1162593686,58210,58210,0.25,0.5,0.29999998,0.39999998,0.0,0.0,0,0,0.099999994,0.08,0.07,-0.13,0.0,0,nan,nan,3,0,1,10,0
36084000,1763802061582000,401540311,1162593672,57855,57855,0.25,0.5,0.29999998,0.39999998,0.0,0.0,0,0,0.07,0.02,0.07,-0.14999999,0.0,0,nan,nan,3,0,1,10,0
36132000,1763802061632000,401540311,1162593672,57855,57855,0.25,0.5,0.29999998,0.39999998,0.0,0.0,0,0,0.07,0.0,0.07,-0.16,0.0,0,nan,nan,3,0,1,10,0
36184000,1763802061682000,401540311,1162593672,57855,57855,0.25,0.5,0.29999998,0.39999998,0.0,0.0,0,0,0.07,-0.01,0.07,-0.16,0.0,0,nan,nan,3,0,1,10,0
36232000,1763802061732000,401540311,1162593672,57855,57855,0.25,0.5,0.29999998,0.39999998,0.0,0.0,0,0,0.07,-0.01,0.07,-0.16,0.0,0,nan,nan,3,0,1,10,0
36284000,1763802061782000,401540305,1162593688,57902,57902,0.25,0.5,0.29999998,0.39999998,0.0,0.0,0,0,0.049999997,0.049999997,-0.01,-0.089999996,0.0,0,nan,nan,3,0,1,10,0
36332000,1763802061832000,401540305,1162593688,57902,57902,0.25,0.5,0.29999998,0.39999998,0.0,0.0,0,0,0.08,0.07,-0.04,-0.06,0.0,0,nan,nan,3,0,1,10,0
36384000,1763802061882000,401540305,1162593688,57902,57902,0.25,0.5,0.29999998,0.39999998,0.0,0.0,0,0,0.099999994,0.08,-0.049999997,-0.049999997,0.0,0,nan,nan,3,0,1,10,0
36432000,1763802061932000,401540305,1162593688,57902,57902,0.25,0.5,0.29999998,0.39999998,0.0,0.0,0,0,0.099999994,0.08,-0.06,-0.049999997,0.0,0,nan,nan,3,0,1,10,0
36484000,1763802061982000,401540311,1162593675,58170,58170,0.25,0.5,0.29999998,0.39999998,0.0,0.0,0,0,0.049999997,0.01,-0.04,-0.13,0.0,0,nan,nan,3,0,1,10,0
36532000,1763802062032000,401540311,1162593675,58170,58170,0.25,0.5,0.29999998,0.39999998,0.0,0.0,0,0,0.049999997,-0.02,-0.04,-0.16,0.0,0,nan,nan,3,0,1,10,0
36584000,1763802062082000,401540311,1162593675,58170,58170,0.25,0.5,0.29999998,0.39999998,0.0,0.0,0,0,0.049999997,-0.03,-0.04,-0.17,0.0,0,nan,nan,3,0,1,10,0
36632000,1763802062132000,401540311,1162593675,58170,58170,0.25,0.5,0.29999998,0.39999998,0.0,0.0,0,0,0.049999997,-0.04,-0.04,-0.17,0.0,0,nan,nan,3,0,1,10,0
36684000,1763802062182000,401540310,1162593674,58002,58002,0.25,0.5,0.29999998,0.39999998,0.0,0.0,0,0,0.04,-0.04,0.01,-0.17,0.0,0,nan,nan,3,0,1,10,0
36732000,1763802062232000,401540310,1162593674,58002,58002,0.25,0.5,0.29999998,0.39999998,0.0,0.0,0,0,0.049999997,-0.04,0.03,-0.17,0.0,0,nan,nan,3,0,1,10,0
36784000,1763802062282000,401540310,1162593674,58002,58002,0.25,0.5,0.29999998,0.39999998,0.0,0.0,0,0,0.049999997,-0.04,0.03,-0.17,0.0,0,nan,nan,3,0,1,10,0
36832000,1763802062332000,401540310,1162593674,58002,58002,0.25,0.5,0.29999998,0.39999998,0.0,0.0,0,0,0.06,-0.04,0.03,-0.17,0.0,0,nan,nan,3,0,1,10,0
36884000,1763802062382000,401540310,1162593679,58129,58129,0.25,0.5,0.29999998,0.39999998,0.0,0.0,0,0,0.089999996,-0.07,0.06,-0.06,0.0,0,nan,nan,3,0,1,10,0
36932000,1763802062432000,401540310,1162593679,58129,58129,0.25,0.5,0.29999998,0.39999998,0.0,0.0,0,0,0.11,-0.08,0.07,-0.01,0.0,0,nan,nan,3,0,1,10,0
36984000,1763802062482000,401540310,1162593679,58129,58129,0.25,0.5,0.29999998,0.39999998,0.0,0.0,0,0,0.11,-0.08,0.08,0.0,0.0,0,nan,nan,3,0,1,10,0
37032000,1763802062532000,401540310,1162593679,58129,58129,0.25,0.5,0.29999998,0.39999998,0.0,0.0,0,0,0.12,-0.08,0.08,0.01,0.0,0,nan,nan,3,0,1,10,0
37084000,1763802062582000,401540309,1162593678,58019,58019,0.25,0.5,0.29999998,0.39999998,0.0,0.0,0,0,0.07,0.03,0.06,0.089999996,0.0,0,nan,nan,3,0,1,10,0
37132000,1763802062632000,401540309,1162593678,58019,58019,0.25,0.5,0.29999998,0.39999998,0.0,0.0,0,0,0.089999996,0.07,0.049999997,0.12,0.0,0,nan,nan,3,0,1,10,0
37184000,1763802062682000,401540309,1162593678,58019,58019,0.25,0.5,0.29999998,0.39999998,0.0,0.0,0,0,0.099999994,0.08,0.049999997,0.13,0.0,0,nan,nan,3,0,1,10,0
37232000,1763802062732000,401540309,1162593678,58019,58019,0.25,0.5,0.29999998,0.39999998,0.0,0.0,0,0,0.099999994,0.089999996,0.049999997,0.14,0.0,0,nan,nan,3,0,1,10,0
37284000,1763802062782000,401540292,1162593684,58200,58200,0.25,0.5,0.29999998,0.39999998,0.0,0.0,0,0,0.02,0.01,0.01,0.02,0.0,0,nan,nan,3,0,1,10,0
37332000,1763802062832000,401540292,1162593684,58200,58200,0.25,0.5,0.29999998,0.39999998,0.0,0.0,0,0,0.02,-0.02,0.0,-0.02,0.0,0,nan,nan,3,0,1,10,0
37384000,1763802062882000,401540292,1162593684,58200,58200,0.25,0.5,0.29999998,0.39999998,0.0,0.0,0,0,0.03,-0.03,-0.01,-0.04,0.0,0,nan,nan,3,0,1,10,0
37432000,1763802062932000,401540292,1162593684,58200,58200,0.25,0.5,0.29999998,0.39999998,0.0,0.0,0,0,0.04,-0.03,-0.01,-0.04,0.0,0,nan,nan,3,0,1,10,0
37484000,1763802062982000,401540310,1162593676,58088,58088,0.25,0.5,0.29999998,0.39999998,0.0,0.0,0,0,0.06,0.03,0.06,-0.02,0.0,0,nan,nan,3,0,1,10,0
37532000,1763802063032000,401540310,1162593676,58088,58088,0.25,0.5,0.29999998,0.39999998,0.0,0.0,0,0,0.099999994,0.049999997,0.08,-0.01,0.0,0,nan,nan,3,0,1,10,0
37584000,1763802063082000,401540310,1162593676,58088,58088,0.25,0.5,0.29999998,0.39999998,0.0,0.0,0,0,0.11,0.06,0.089999996,-0.01,0.0,0,nan,nan,3,0,1,10,0
37632000,1763802063132000,401540310,1162593676,58088,58088,0.25,0.5,0.29999998,0.39999998,0.0,0.0,0,0,0.11,0.06,0.099999994,-0.01,0.0,0,nan,nan,3,0,1,10,0
37684000,1763802063182000,401540294,1162593692,58210,58210,0.25,0.5,0.29999998,0.39999998,0.0,0.0,0,0,0.049999997,0.04,-0.02,0.02,0.0,0,nan,nan,3,0,1,10,0
37732000,1763802063232000,401540294,1162593692,58210,58210,0.25,0.5,0.29999998,0.39999998,0.0,0.0,0,0,0.07,0.04,-0.06,0.03,0.0,0,nan,nan,3,0,1,10,0
37784000,1763802063282000,401540294,1162593692,58210,58210,0.25,0.5,0.29999998,0.39999998,0.0,0.0,0,0,0.08,0.03,-0.07,0.04,0.0,0,nan,nan,3,0,1,10,0
37832000,1763802063332000,401540294,1162593692,58210,58210,0.25,0.5,0.29999998,0.39999998,0.0,0.0,0,0,0.089999996,0.03,-0.08,0.04,0.0,0,nan,nan,3,0,1,10,0
37884000,1763802063382000,401540301,1162593670,57921,57921,0.25,0.5,0.29999998,0.39999998,0.0,0.0,0,0,0.04,-0.03,-0.02,0.04,0.0,0,nan,nan,3,0,1,10,0
37932000,1763802063432000,401540301,1162593670,57921,57921,0.25,0.5,0.29999998,0.39999998,0.0,0.0,0,0,0.06,-0.06,0.0,0.049999997,0.0,0,nan,nan,3,0,1,10,0
37984000,1763802063482000,401540301,1162593670,57921,57921,0.25,0.5,0.29999998,0.39999998,0.0,0.0,0,0,0.07,-0.07,0.01,0.049999997,0.0,0,nan,nan,3,0,1,10,0
38032000,1763802063532000,401540301,1162593670,57921,57921,0.25,0.5,0.29999998,0.39999998,0.0,0.0,0,0,0.07,-0.07,0.01,0.049999997,0.0,0,nan,nan,3,0,1,10,0
38084000,1763802063582000,401540297,1162593683,58127,58127,0.25,0.5,0.29999998,0.39999998,0.0,0.0,0,0,0.06,0.03,0.049999997,-0.08,0.0,0,nan,nan,3,0,1,10,0
38132000,1763802063632000,401540297,1162593683,58127,58127,0.25,0.5,0.29999998,0.39999998,0.0,0.0,0,0,0.099999994,0.07,0.07,-0.13,0.0,0,nan,nan,3,0,1,10,0
38184000,1763802063682000,401540297,1162593683,58127,58127,0.25,0.5,0.29999998,0.39999998,0.0,0.0,0,0,0.11,0.089999996,0.07,-0.14,0.0,0,nan,nan,3,0,1,10,0
38232000,1763802063732000,401540297,1162593683,58127,58127,0.25,0.5,0.29999998,0.39999998,0.0,0.0,0,0,0.12,0.089999996,0.07,-0.14999999,0.0,0,nan,nan,3,0,1,10,0
38284000,1763802063782000,401540296,1162593690,57951,57951,0.25,0.5,0.29999998,0.39999998,0.0,0.0,0,0,0.03,-0.03,0.01,-0.06,0.0,0,nan,nan,3,0,1,10,0
38332000,1763802063832000,401540296,1162593690,57951,57951,0.25,0.5,0.29999998,0.39999998,0.0,0.0,0,0,0.07,-0.07,-0.01,-0.03,0.0,0,nan,nan,3,0,1,10,0
38384000,1763802063882000,401540296,1162593690,57951,57951,0.25,0.5,0.29999998,0.39999998,0.0,0.0,0,0,0.089999996,-0.08,-0.02,-0.02,0.0,0,nan,nan,3,0,1,10,0
38432000,1763802063932000,401540296,1162593690,57951,57951,0.25,0.5,0.29999998,0.39999998,0.0,0.0,0,0,0.089999996,-0.089999996,-0.02,-0.01,0.0,0,nan,nan,3,0,1,10,0
38484000,1763802063982000,401540311,1162593682,58195,58195,0.25,0.5,0.29999998,0.39999998,0.0,0.0,0,0,0.04,0.0,-0.04,0.03,0.0,0,nan,nan,3,0,1,10,0
38532000,1763802064032000,401540311,1162593682,58195,58195,0.25,0.5,0.29999998,0.39999998,0.0,0.0,0,0,0.06,0.04,-0.049999997,0.049999997,0.0,0,nan,nan,3,0,1,10,0
38584000,1763802064082000,401540311,1162593682,58195,58195,0.25,0.5,0.29999998,0.39999998,0.0,0.0,0,0,0.07,0.049999997,-0.049999997,0.049999997,0.0,0,nan,nan,3,0,1,10,0
38632000,1763802064132000,401540311,1162593682,58195,58195,0.25,0.5,0.29999998,0.39999998,0.0,0.0,0,0,0.07,0.06,-0.049999997,0.06,0.0,0,nan,nan,3,0,1,10,0
38684000,1763802064182000,401540306,1162593691,58047,58047,0.25,0.5,0.29999998,0.39999998,0.0,0.0,0,0,0.08,-0.04,-0.07,0.12,0.0,0,nan,nan,3,0,1,10,0
38732000,1763802064232000,401540306,1162593691,58047,58047,0.25,0.5,0.29999998,0.39999998,0.0,0.0,0,0,0.11,-0.08,-0.08,0.14,0.0,0,nan,nan,3,0,1,10,0
38784000,1763802064282000,401540306,1162593691,58047,58047,0.25,0.5,0.29999998,0.39999998,0.0,0.0,0,0,0.12,-0.089999996,-0.08,0.14999999,0.0,0,nan,nan,3,0,1,10,0
38832000,1763802064332000,401540306,1162593691,58047,58047,0.25,0.5,0.29999998,0.39999998,0.0,0.0,0,0,0.13,-0.089999996,-0.08,0.14999999,0.0,0,nan,nan,3,0,1,10,0
38884000,1763802064382000,401540309,1162593682,58231,58231,0.25,0.5,0.29999998,0.39999998,0.0,0.0,0,0,0.07,-0.02,-0.07,-0.04,0.0,0,nan,nan,3,0,1,10,0
38932000,1763802064432000,401540309,1162593682,58231,58231,0.25,0.5,0.29999998,0.39999998,0.0,0.0,0,0,0.06,0.01,-0.06,-0.11,0.0,0,nan,nan,3,0,1,10,0
38984000,1763802064482000,401540309,1162593682,58231,58231,0.25,0.5,0.29999998,0.39999998,0.0,0.0,0,0,0.06,0.02,-0.06,-0.13,0.0,0,nan,nan,3,0,1,10,0
39032000,1763802064532000,401540309,1162593682,58231,58231,0.25,0.5,0.29999998,0.39999998,0.0,0.0,0,0,0.06,0.03,-0.06,-0.14,0.0,0,nan,nan,3,0,1,10,0
39084000,1763802064582000,401540294,1162593676,58086,58086,0.25,0.5,0.29999998,0.39999998,0.0,0.0,0,0,0.06,0.04,-0.049999997,-0.07,0.0,0,nan,nan,3,0,1,10,0
39132000,1763802064632000,401540294,1162593676,58086,58086,0.25,0.5,0.29999998,0.39999998,0.0,0.0,0,0,0.07,0.049999997,-0.04,-0.04,0.0,0,nan,nan,3,0,1,10,0
39184000,1763802064682000,401540294,1162593676,58086,58086,0.25,0.5,0.29999998,0.39999998,0.0,0.0,0,0,0.07,0.049999997,-0.04,-0.03,0.0,0,nan,nan,3,0,1,10,0
39232000,1763802064732000,401540294,1162593676,58086,58086,0.25,0.5,0.29999998,0.39999998,0.0,0.0,0,0,0.07,0.049999997,-0.04,-0.03,0.0,0,nan,nan,3,0,1,10,0
39284000,1763802064782000,401540295,1162593689,58029,58029,0.25,0.5,0.29999998,0.39999998,0.0,0.0,0,0,0.04,0.03,-0.03,-0.13,0.0,0,nan,nan,3,0,1,10,0
39332000,1763802064832000,401540295,1162593689,58029,58029,0.25,0.5,0.29999998,0.39999998,0.0,0.0,0,0,0.03,0.02,-0.02,-0.16,0.0,0,nan,nan,3,0,1,10,0
39384000,1763802064882000,401540295,1162593689,58029,58029,0.25,0.5,0.29999998,0.39999998,0.0,0.0,0,0,0.03,0.02,-0.02,-0.17999999,0.0,0,nan,nan,3,0,1,10,0
39432000,1763802064932000,401540295,1162593689,58029,58029,0.25,0.5,0.29999998,0.39999998,0.0,0.0,0,0,0.03,0.02,-0.02,-0.17999999,0.0,0,nan,nan,3,0,1,10,0
39484000,1763802064982000,401540293,1162593672,58033,58033,0.25,0.5,0.29999998,0.39999998,0.0,0.0,0,0,0.07,0.03,-0.07,-0.089999996,0.0,0,nan,nan,3,0,1,10,0
39532000,1763802065032000,401540293,1162593672,58033,58033,0.25,0.5,0.29999998,0.39999998,0.0,0.0,0,0,0.089999996,0.04,-0.08,-0.06,0.0,0,nan,nan,3,0,1,10,0
39584000,1763802065082000,401540293,1162593672,58033,58033,0.25,0.5,0.29999998,0.39999998,0.0,0.0,0,0,0.099999994,0.04,-0.089999996,-0.06,0.0,0,nan,nan,3,0,1,10,0
39632000,1763802065132000,401540293,1162593672,58033,58033,0.25,0.5,0.29999998,0.39999998,0.0,0.0,0,0,0.099999994,0.04,-0.089999996,-0.049999997,0.0,0,nan,nan,3,0,1,10,0
39684000,1763802065182000,401540298,1162593675,57982,57982,0.25,0.5,0.29999998,0.39999998,0.0,0.0,0,0,0.089999996,0.04,-0.08,0.06,0.0,0,nan,nan,3,0,1,10,0
39732000,1763802065232000,401540298,1162593675,57982,57982,0.25,0.5,0.29999998,0.39999998,0.0,0.0,0,0,0.089999996,0.04,-0.08,0.099999994,0.0,0,nan,nan,3,0,1,10,0
39784000,1763802065282000,401540298,1162593675,57982,57982,0.25,0.5,0.29999998,0.39999998,0.0,0.0,0,0,0.089999996,0.04,-0.08,0.11,0.0,0,nan,nan,3,0,1,10,0
39832000,1763802065332000,401540298,1162593675,57982,57982,0.25,0.5,0.29999998,0.39999998,0.0,0.0,0,0,0.089999996,0.04,-0.08,0.11,0.0,0,nan,nan,3,0,1,10,0
39884000,1763802065382000,401540308,1162593692,57822,57822,0.25,0.5,0.29999998,0.39999998,0.0,0.0,0,0,0.01,0.0,-0.01,-0.089999996,0.0,0,nan,nan,3,0,1,10,0
39932000,1763802065432000,401540308,1162593692,57822,57822,0.25,0.5,0.29999998,0.39999998,0.0,0.0,0,0,0.02,-0.02,0.01,-0.17,0.0,0,nan,nan,3,0,1,10,0
39984000,1763802065482000,401540308,1162593692,57822,57822,0.25,0.5,0.29999998,0.39999998,0.0,0.0,0,0,0.03,-0.02,0.02,-0.19999999,0.0,0,nan,nan,3,0,1,10,0
40032000,1763802065532000,401540308,1162593692,57822,57822,0.25,0.5,0.29999998,0.39999998,0.0,0.0,0,0,0.03,-0.02,0.02,-0.21,0.0,0,nan,nan,3,0,1,10,0
40084000,1763802065582000,401540298,1162593681,57980,57980,0.25,0.5,0.29999998,0.39999998,0.0,0.0,0,0,0.08,-0.06,-0.049999997,-0.21,0.0,0,nan,nan,3,0,1,10,0
40132000,1763802065632000,401540298,1162593681,57980,57980,0.25,0.5,0.29999998,0.39999998,0.0,0.0,0,0,0.11,-0.07,-0.08,-0.22,0.0,0,nan,nan,3,0,1,10,0
40184000,1763802065682000,401540298,1162593681,57980,57980,0.25,0.5,0.29999998,0.39999998,0.0,0.0,0,0,0.12,-0.08,-0.089999996,-0.22,0.0,0,nan,nan,3,0,1,10,0
40232000,1763802065732000,401540298,1162593681,57980,57980,0.25,0.5,0.29999998,0.39999998,0.0,0.0,0,0,0.12,-0.08,-0.099999994,-0.22,0.0,0,nan,nan,3,0,1,10,0
40284000,1763802065782000,401540297,1162593674,58134,58134,0.25,0.5,0.29999998,0.39999998,0.0,0.0,0,0,0.08,-0.07,0.02,-0.19,0.0,0,nan,nan,3,0,1,10,0
40332000,1763802065832000,401540297,1162593674,58134,58134,0.25,0.5,0.29999998,0.39999998,0.0,0.0,0,0,0.099999994,-0.07,0.07,-0.17999999,0.0,0,nan,nan,3,0,1,10,0
40384000,1763802065882000,401540297,1162593674,58134,58134,0.25,0.5,0.29999998,0.39999998,0.0,0.0,0,0,0.11,-0.07,0.08,-0.17999999,0.0,0,nan,nan,3,0,1,10,0
40432000,1763802065932000,401540297,1162593674,58134,58134,0.25,0.5,0.29999998,0.39999998,0.0,0.0,0,0,0.11,-0.07,0.089999996,-0.19,0.0,0,nan,nan,3,0,1,10,0
40484000,1763802065982000,401540295,1162593674,58215,58215,0.25,0.5,0.29999998,0.39999998,0.0,0.0,0,0,0.08,-0.08,0.01,-0.16,0.0,0,nan,nan,3,0,1,10,0
40532000,1763802066032000,401540295,1162593674,58215,58215,0.25,0.5,0.29999998,0.39999998,0.0,0.0,0,0,0.089999996,-0.089999996,-0.02,-0.14999999,0.0,0,nan,nan,3,0,1,10,0
40584000,1763802066082000,401540295,1162593674,58221,58221,0.25,0.5,0.29999998,0.39999998,0.0,0.0,0,0,0.089999996,-0.089999996,-0.03,-0.03,0.0,0,nan,nan,3,0,1,10,0
40632000,1763802066132000,401540295,1162593674,58223,58223,0.25,0.5,0.29999998,0.39999998,0.0,0.0,0,0,0.089999996,-0.089999996,-0.03,0.08,0.0,0,nan,nan,3,0,1,10,0
40684000,1763802066182000,401540294,1162593696,58264,58264,0.25,0.5,0.29999998,0.39999998,0.0,0.0,0,0,0.049999997,0.02,-0.04,0.13,0.0,0,nan,nan,3,0,1,10,0
40732000,1763802066232000,401540294,1162593696,58259,58259,0.25,0.5,0.29999998,0.39999998,0.0,0.0,0,0,0.08,0.06,-0.04,0.16,0.0,0,nan,nan,3,0,1,10,0
40784000,1763802066282000,401540294,1162593696,58262,58262,0.25,0.5,0.29999998,0.39999998,0.0,0.0,0,0,0.08,0.07,-0.049999997,-0.04,0.0,0,nan,nan,3,0,1,10,0
40832000,1763802066332000,401540294,1162593696,58265,58265,0.25,0.5,0.29999998,0.39999998,0.0,0.0,0,0,0.099999994,0.08,-0.04,-0.02,0.0,0,nan,nan,3,0,1,10,0
40884000,1763802066382000,401540305,1162593693,58197,58197,0.25,0.5,0.29999998,0.39999998,0.0,0.0,0,0,0.07,0.07,-0.01,-0.14,0.0,0,nan,nan,3,0,1,10,0
40932000,1763802066432000,401540305,1162593693,58201,58201,0.25,0.5,0.29999998,0.39999998,0.0,0.0,0,0,0.07,0.07,0.0,-0.19999999,0.0,0,nan,nan,3,0,1,10,0
40984000,1763802066482000,401540306,1162593693,58206,58206,0.25,0.5,0.29999998,0.39999998,0.0,0.0,0,0,0.08,0.08,0.01,-0.22,0.0,0,nan,nan,3,0,1,10,0
41032000,1763802066532000,401540306,1162593693,58211,58211,0.25,0.5,0.29999998,0.39999998,0.0,0.0,0,0,0.089999996,0.08,0.01,-0.24,0.0,0,nan,nan,3,0,1,10,0
41084000,1763802066582000,401540311,1162593688,58139,58139,0.25,0.5,0.29999998,0.39999998,0.0,0.0,0,0,0.06,0.049999997,-0.03,-0.22999999,0.0,0,nan,nan,3,0,1,10,0
41132000,1763802066632000,401540312,1162593688,58145,58145,0.25,0.5,0.29999998,0.39999998,0.0,0.0,0,0,0.06,0.04,-0.049999997,-0.22999999,0.0,0,nan,nan,3,0,1,10,0
41184000,1763802066682000,401540312,1162593688,58151,58151,0.25,0.5,0.29999998,0.39999998,0.0,0.0,0,0,0.06,0.03,-0.049999997,-0.22999999,0.0,0,nan,nan,3,0,1,10,0
41232000,1763802066732000,401540312,1162593688,58158,58158,0.25,0.5,0.29999998,0.39999998,0.0,0.0,0,0,0.06,0.03,-0.049999997,-0.24,0.0,0,nan,nan,3,0,1,10,0
41284000,1763802066782000,401540305,1162593682,57963,57963,0.25,0.5,0.29999998,0.39999998,0.0,0.0,0,0,0.099999994,0.089999996,-0.04,-0.21,0.0,0,nan,nan,3,0,1,10,0
41332000,1763802066832000,401540305,1162593683,57970,57970,0.25,0.5,0.29999998,0.39999998,0.0,0.0,0,0,0.12,0.11,-0.04,-0.21,0.0,0,nan,nan,3,0,1,10,0
41384000,1763802066882000,401540306,1162593683,57978,57978,0.25,0.5,0.29999998,0.39999998,0.0,0.0,0,0,0.12,0.11,-0.04,-0.21,0.0,0,nan,nan,3,0,1,10,0
41432000,1763802066932000,401540306,1162593683,57986,57986,0.25,0.5,0.29999998,0.39999998,0.0,0.0,0,0,0.12,0.11,-0.04,-0.21,0.0,0,nan,nan,3,0,1,10,0
41484000,1763802066982000,401540306,1162593697,58103,58103,0.25,0.5,0.29999998,0.39999998,0.0,0.0,0,0,0.089999996,0.07,-0.049999997,-0.099999994,0.0,0,nan,nan,3,0,1,10,0
41532000,1763802067032000,401540306,1162593697,58111,58111,0.25,0.5,0.29999998,0.39999998,0.0,0.0,0,0,0.08,0.049999997,-0.06,-0.06,0.0,0,nan,nan,3,0,1,10,0
41584000,1763802067082000,401540306,1162593698,58119,58119,0.25,0.5,0.29999998,0.39999998,0.0,0.0,0,0,0.08,0.04,-0.06,-0.04,0.0,0,nan,nan,3,0,1,10,0
41632000,1763802067132000,401540306,1162593698,58128,58128,0.25,0.5,0.29999998,0.39999998,0.0,0.0,0,0,0.07,0.04,-0.06,-0.04,0.0,0,nan,nan,3,0,1,10,0
41684000,1763802067182000,401540308,1162593697,58297,58297,0.25,0.5,0.29999998,0.39999998,0.0,0.0,0,0,0.06,0.03,-0.06,-0.049999997,0.0,0,nan,nan,3,0,1,10,0
41732000,1763802067232000,401540308,1162593697,58306,58306,0.25,0.5,0.29999998,0.39999998,0.0,0.0,0,0,0.06,0.02,-0.049999997,-0.049999997,0.0,0,nan,nan,3,0,1,10,0
41784000,1763802067282000,401540308,1162593697,58315,58315,0.25,0.5,0.29999998,0.39999998,0.0,0.0,0,0,0.049999997,0.02,-0.049999997,-0.06,0.0,0,nan,nan,3,0,1,10,0
41832000,1763802067332000,401540308,1162593698,58324,58324,0.25,0.5,0.29999998,0.39999998,0.0,0.0,0,0,0.049999997,0.01,-0.049999997,-0.06,0.0,0,nan,nan,3,0,1,10,0
41884000,1763802067382000,401540315,1162593685,58189,58189,0.25,0.5,0.29999998,0.39999998,0.0,0.0,0,0,0.02,0.01,0.01,-0.13,0.0,0,nan,nan,3,0,1,10,0
41932000,1763802067432000,401540315,1162593685,58200,58200,0.25,0.5,0.29999998,0.39999998,0.0,0.0,0,0,0.04,0.01,0.03,-0.16,0.0,0,nan,nan,3,0,1,10,0
41984000,1763802067482000,401540315,1162593686,58210,58210,0.25,0.5,0.29999998,0.39999998,0.0,0.0,0,0,0.04,0.01,0.04,-0.17,0.0,0,nan,nan,3,0,1,10,0
42032000,1763802067532000,401540315,1162593686,58221,58221,0.25,0.5,0.29999998,0.39999998,0.0,0.0,0,0,0.049999997,0.01,0.049999997,-0.17999999,0.0,0,nan,nan,3,0,1,10,0
42084000,1763802067582000,401540307,1162593676,58225,58225,0.25,0.5,0.29999998,0.39999998,0.0,0.0,0,0,0.02,-0.02,-0.01,-0.17999999,0.0,0,nan,nan,3,0,1,10,0
42132000,1763802067632000,401540307,1162593676,58236,58236,0.25,0.5,0.29999998,0.39999998,0.0,0.0,0,0,0.04,-0.03,-0.03,-0.19,0.0,0,nan,nan,3,0,1,10,0
42184000,1763802067682000,401540307,1162593676,58249,58249,0.25,0.5,0.29999998,0.39999998,0.0,0.0,0,0,0.049999997,-0.03,-0.04,-0.19,0.0,0,nan,nan,3,0,1,10,0
42232000,1763802067732000,401540307,1162593677,58261,58261,0.25,0.5,0.29999998,0.39999998,0.0,0.0,0,0,0.06,-0.03,-0.049999997,-0.19999999,0.0,0,nan,nan,3,0,1,10,0
42284000,1763802067782000,401540313,1162593677,58114,58114,0.25,0.5,0.29999998,0.39999998,0.0,0.0,0,0,0.06,-0.04,0.049999997,-0.17,0.0,0,nan,nan,3,0,1,10,0
42332000,1763802067832000,401540313,1162593677,58127,58127,0.25,0.5,0.29999998,0.39999998,0.0,0.0,0,0,0.089999996,-0.04,0.08,-0.16,0.0,0,nan,nan,3,0,1,10,0
42384000,1763802067882000,401540313,1162593677,58140,58140,0.25,0.5,0.29999998,0.39999998,0.0,0.0,0,0,0.099999994,-0.04,0.099999994,-0.16,0.0,0,nan,nan,3,0,1,10,0
42432000,1763802067932000,401540312,1162593677,58154,58154,0.25,0.5,0.29999998,0.39999998,0.0,0.0,0,0,0.11,-0.04,0.099999994,-0.16,0.0,0,nan,nan,3,0,1,10,0
42484000,1763802067982000,401540313,1162593688,58402,58402,0.25,0.5,0.29999998,0.39999998,0.0,0.0,0,0,0.04,0.03,0.02,-0.14,0.0,0,nan,nan,3,0,1,10,0
42532000,1763802068032000,401540312,1162593688,58416,58416,0.25,0.5,0.29999998,0.39999998,0.0,0.0,0,0,0.049999997,0.049999997,0.0,-0.13,0.0,0,nan,nan,3,0,1,10,0
42584000,1763802068082000,401540312,1162593688,58429,58429,0.25,0.5,0.29999998,0.39999998,0.0,0.0,0,0,0.06,0.06,-0.02,-0.13,0.0,0,nan,nan,3,0,1,10,0
42632000,1763802068132000,401540312,1162593688,58443,58443,0.25,0.5,0.29999998,0.39999998,0.0,0.0,0,0,0.07,0.06,-0.02,-0.13,0.0,0,nan,nan,3,0,1,10,0
42684000,1763802068182000,401540315,1162593699,58558,58558,0.25,0.5,0.29999998,0.39999998,0.0,0.0,0,0,0.03,-0.03,0.01,-0.17,0.0,0,nan,nan,3,0,1,10,0
42732000,1763802068232000,401540315,1162593700,58571,58571,0.25,0.5,0.29999998,0.39999998,0.0,0.0,0,0,0.07,-0.07,0.02,-0.17999999,0.0,0,nan,nan,3,0,1,10,0
42784000,1763802068282000,401540315,1162593700,58584,58584,0.25,0.5,0.29999998,0.39999998,0.0,0.0,0,0,0.08,-0.08,0.02,-0.17999999,0.0,0,nan,nan,3,0,1,10,0
42832000,1763802068332000,401540315,1162593700,58598,58598,0.25,0.5,0.29999998,0.39999998,0.0,0.0,0,0,0.089999996,-0.089999996,0.02,-0.19,0.0,0,nan,nan,3,0,1,10,0
42884000,1763802068382000,401540306,1162593687,58321,58321,0.25,0.5,0.29999998,0.39999998,0.0,0.0,0,0,0.049999997,-0.04,-0.03,-0.24,0.0,0,nan,nan,3,0,1,10,0
42932000,1763802068432000,401540305,1162593687,58335,58335,0.25,0.5,0.29999998,0.39999998,0.0,0.0,0,0,0.06,-0.02,-0.06,-0.26,0.0,0,nan,nan,3,0,1,10,0
42984000,1763802068482000,401540305,1162593687,58348,58348,0.25,0.5,0.29999998,0.39999998,0.0,0.0,0,0,0.07,-0.02,-0.07,-0.26999998,0.0,0,nan,nan,3,0,1,10,0
43032000,1763802068532000,401540305,1162593688,58362,58362,0.25,0.5,0.29999998,0.39999998,0.0,0.0,0,0,0.07,-0.01,-0.07,-0.28,0.0,0,nan,nan,3,0,1,10,0
43084000,1763802068582000,401540310,1162593695,58321,58321,0.25,0.5,0.29999998,0.39999998,0.0,0.0,0,0,0.04,-0.02,0.03,-0.38,0.0,0,nan,nan,3,0,1,10,0
43132000,1763802068632000,401540310,1162593695,58335,58335,0.25,0.5,0.29999998,0.39999998,0.0,0.0,0,0,0.08,-0.03,0.07,-0.42,0.0,0,nan,nan,3,0,1,10,0
43184000,1763802068682000,401540310,1162593695,58349,58349,0.25,0.5,0.29999998,0.39999998,0.0,0.0,0,0,0.089999996,-0.03,0.08,-0.42999998,0.0,0,nan,nan,3,0,1,10,0
43232000,1763802068732000,401540310,1162593695,58364,58364,0.25,0.5,0.29999998,0.39999998,0.0,0.0,0,0,0.089999996,-0.03,0.089999996,-0.42999998,0.0,0,nan,nan,3,0,1,10,0
43284000,1763802068782000,401540307,1162593689,58417,58417,0.25,0.5,0.29999998,0.39999998,0.0,0.0,0,0,0.04,-0.04,0.0,-0.29999998,0.0,0,nan,nan,3,0,1,10,0
43332000,1763802068832000,401540306,1162593689,58431,58431,0.25,0.5,0.29999998,0.39999998,0.0,0.0,0,0,0.049999997,-0.04,-0.03,-0.24,0.0,0,nan,nan,3,0,1,10,0
43384000,1763802068882000,401540306,1162593689,58444,58444,0.25,0.5,0.29999998,0.39999998,0.0,0.0,0,0,0.06,-0.04,-0.04,-0.21,0.0,0,nan,nan,3,0,1,10,0
43432000,1763802068932000,401540306,1162593689,58456,58456,0.25,0.5,0.29999998,0.39999998,0.0,0.0,0,0,0.06,-0.04,-0.049999997,-0.19999999,0.0,0,nan,nan,3,0,1,10,0
43484000,1763802068982000,401540307,1162593702,58613,58613,0.25,0.5,0.29999998,0.39999998,0.0,0.0,0,0,0.06,-0.01,-0.049999997,-0.089999996,0.0,0,nan,nan,3,0,1,10,0
43532000,1763802069032000,401540307,1162593702,58625,58625,0.25,0.5,0.29999998,0.39999998,0.0,0.0,0,0,0.06,0.0,-0.06,-0.049999997,0.0,0,nan,nan,3,0,1,10,0
43584000,1763802069082000,401540307,1162593702,58636,58636,0.25,0.5,0.29999998,0.39999998,0.0,0.0,0,0,0.06,0.0,-0.06,-0.03,0.0,0,nan,nan,3,0,1,10,0
43632000,1763802069132000,401540307,1162593702,58646,58646,0.25,0.5,0.29999998,0.39999998,0.0,0.0,0,0,0.06,0.0,-0.06,-0.01,0.0,0,nan,nan,3,0,1,10,0
43684000,1763802069182000,401540306,1162593692,58453,58453,0.25,0.5,0.29999998,0.39999998,0.0,0.0,0,0,0.02,-0.01,0.02,-0.21,0.0,0,nan,nan,3,0,1,10,0
43732000,1763802069232000,401540306,1162593692,58463,58463,0.25,0.5,0.29999998,0.39999998,0.0,0.0,0,0,0.049999997,-0.01,0.049999997,-0.28,0.0,0,nan,nan,3,0,1,10,0
43784000,1763802069282000,401540306,1162593692,58472,58472,0.25,0.5,0.29999998,0.39999998,0.0,0.0,0,0,0.06,-0.01,0.06,-0.31,0.0,0,nan,nan,3,0,1,10,0
43832000,1763802069332000,401540306,1162593692,58482,58482,0.25,0.5,0.29999998,0.39999998,0.0,0.0,0,0,0.06,-0.01,0.06,-0.31,0.0,0,nan,nan,3,0,1,10,0
43884000,1763802069382000,401540300,1162593683,58826,58826,0.25,0.5,0.29999998,0.39999998,0.0,0.0,0,0,0.02,-0.01,-0.01,-0.26,0.0,0,nan,nan,3,0,1,10,0
43932000,1763802069432000,401540300,1162593683,58835,58835,0.25,0.5,0.29999998,0.39999998,0.0,0.0,0,0,0.04,-0.02,-0.04,-0.24,0.0,0,nan,nan,3,0,1,10,0
43984000,1763802069482000,401540300,1162593683,58843,58843,0.25,0.5,0.29999998,0.39999998,0.0,0.0,0,0,0.06,-0.02,-0.049999997,-0.22,0.0,0,nan,nan,3,0,1,10,0
44032000,1763802069532000,401540300,1162593683,58851,58851,0.25,0.5,0.29999998,0.39999998,0.0,0.0,0,0,0.06,-0.02,-0.06,-0.21,0.0,0,nan,nan,3,0,1,10,0
44084000,1763802069582000,401540295,1162593686,58959,58959,0.25,0.5,0.29999998,0.39999998,0.0,0.0,0,0,0.03,0.02,0.02,-0.22999999,0.0,0,nan,nan,3,0,1,10,0
44132000,1763802069632000,401540295,1162593686,58966,58966,0.25,0.5,0.29999998,0.39999998,0.0,0.0,0,0,0.06,0.03,0.049999997,-0.22999999,0.0,0,nan,nan,3,0,1,10,0
44184000,1763802069682000,401540295,1162593686,58973,58973,0.25,0.5,0.29999998,0.39999998,0.0,0.0,0,0,0.07,0.04,0.06,-0.22,0.0,0,nan,nan,3,0,1,10,0
44232000,1763802069732000,401540295,1162593685,58980,58980,0.25,0.5,0.29999998,0.39999998,0.0,0.0,0,0,0.08,0.04,0.07,-0.22,0.0,0,nan,nan,3,0,1,10,0
44284000,1763802069782000,401540290,1162593703,58574,58574,0.25,0.5,0.29999998,0.39999998,0.0,0.0,0,0,0.02,0.0,-0.02,-0.13,0.0,0,nan,nan,3,0,1,10,0
44332000,1763802069832000,401540290,1162593703,58580,58580,0.25,0.5,0.29999998,0.39999998,0.0,0.0,0,0,0.06,-0.01,-0.049999997,-0.089999996,0.0,0,nan,nan,3,0,1,10,0
44384000,1763802069882000,401540290,1162593703,58585,58585,0.25,0.5,0.29999998,0.39999998,0.0,0.0,0,0,0.07,-0.01,-0.07,-0.07,0.0,0,nan,nan,3,0,1,10,0
44432000,1763802069932000,401540290,1162593703,58590,58590,0.25,0.5,0.29999998,0.39999998,0.0,0.0,0,0,0.07,-0.01,-0.07,-0.06,0.0,0,nan,nan,3,0,1,10,0
44484000,1763802069982000,401540299,1162593697,58857,58857,0.25,0.5,0.29999998,0.39999998,0.0,0.0,0,0,0.07,-0.049999997,-0.04,0.0,0.0,0,nan,nan,3,0,1,10,0
44532000,1763802070032000,401540299,1162593697,58861,58861,0.25,0.5,0.29999998,0.39999998,0.0,0.0,0,0,0.07,-0.06,-0.03,0.03,0.0,0,nan,nan,3,0,1,10,0
44584000,1763802070082000,401540299,1162593697,58865,58865,0.25,0.5,0.29999998,0.39999998,0.0,0.0,0,0,0.07,-0.06,-0.03,0.04,0.0,0,nan,nan,3,0,1,10,0
44632000,1763802070132000,401540299,1162593697,58868,58868,0.25,0.5,0.29999998,0.39999998,0.0,0.0,0,0,0.07,-0.06,-0.03,0.04,0.0,0,nan,nan,3,0,1,10,0
44684000,1763802070182000,401540296,1162593699,58787,58787,0.25,0.5,0.29999998,0.39999998,0.0,0.0,0,0,0.089999996,-0.01,-0.089999996,-0.01,0.0,0,nan,nan,3,0,1,10,0
44732000,1763802070232000,401540296,1162593699,58791,58791,0.25,0.5,0.29999998,0.39999998,0.0,0.0,0,0,0.11,0.01,-0.11,-0.03,0.0,0,nan,nan,3,0,1,10,0
44784000,1763802070282000,401540296,1162593699,58795,58795,0.25,0.5,0.29999998,0.39999998,0.0,0.0,0,0,0.12,0.02,-0.12,-0.04,0.0,0,nan,nan,3,0,1,10,0
44832000,1763802070332000,401540295,1162593699,58799,58799,0.25,0.5,0.29999998,0.39999998,0.0,0.0,0,0,0.13,0.03,-0.12,-0.049999997,0.0,0,nan,nan,3,0,1,10,0
44884000,1763802070382000,401540306,1162593688,58582,58582,0.25,0.5,0.29999998,0.39999998,0.0,0.0,0,0,0.049999997,-0.04,-0.03,-0.02,0.0,0,nan,nan,3,0,1,10,0
44932000,1763802070432000,401540306,1162593688,58586,58586,0.25,0.5,0.29999998,0.39999998,0.0,0.0,0,0,0.06,-0.06,0.01,0.0,0.0,0,nan,nan,3,0,1,10,0
44984000,1763802070482000,401540306,1162593688,58590,58590,0.25,0.5,0.29999998,0.39999998,0.0,0.0,0,0,0.07,-0.07,0.02,0.0,0.0,0,nan,nan,3,0,1,10,0
45032000,1763802070532000,401540306,1162593688,58595,58595,0.25,0.5,0.29999998,0.39999998,0.0,0.0,0,0,0.07,-0.07,0.02,0.0,0.0,0,nan,nan,3,0,1,10,0
45084000,1763802070582000,401540294,1162593691,58660,58660,0.25,0.5,0.29999998,0.39999998,0.0,0.0,0,0,0.03,-0.03,-0.01,-0.049999997,0.0,0,nan,nan,3,0,1,10,0
45132000,1763802070632000,401540294,1162593691,58665,58665,0.25,0.5,0.29999998,0.39999998,0.0,0.0,0,0,0.02,-0.01,-0.02,-0.07,0.0,0,nan,nan,3,0,1,10,0
45184000,1763802070682000,401540294,1162593690,58670,58670,0.25,0.5,0.29999998,0.39999998,0.0,0.0,0,0,0.03,0.0,-0.03,-0.08,0.0,0,nan,nan,3,0,1,10,0
45232000,1763802070732000,401540294,1162593690,58675,58675,0.25,0.5,0.29999998,0.39999998,0.0,0.0,0,0,0.03,0.0,-0.03,-0.08,0.0,0,nan,nan,3,0,1,10,0
45284000,1763802070782000,401540304,1162593682,58854,58854,0.25,0.5,0.29999998,0.39999998,0.0,0.0,0,0,0.06,-0.06,0.01,-0.21,0.0,0,nan,nan,3,0,1,10,0
45332000,1763802070832000,401540304,1162593682,58859,58859,0.25,0.5,0.29999998,0.39999998,0.0,0.0,0,0,0.08,-0.08,0.02,-0.26,0.0,0,nan,nan,3,0,1,10,0
45384000,1763802070882000,401540304,1162593681,58864,58864,0.25,0.5,0.29999998,0.39999998,0.0,0.0,0,0,0.089999996,-0.089999996,0.02,-0.26999998,0.0,0,nan,nan,3,0,1,10,0
45432000,1763802070932000,401540304,1162593681,58869,58869,0.25,0.5,0.29999998,0.39999998,0.0,0.0,0,0,0.089999996,-0.089999996,0.02,-0.28,0.0,0,nan,nan,3,0,1,10,0
45484000,1763802070982000,401540293,1162593685,58744,58744,0.25,0.5,0.29999998,0.39999998,0.0,0.0,0,0,0.08,-0.08,0.02,-0.21,0.0,0,nan,nan,3,0,1,10,0
45532000,1763802071032000,401540293,1162593685,58749,58749,0.25,0.5,0.29999998,0.39999998,0.0,0.0,0,0,0.08,-0.08,0.02,-0.17999999,0.0,0,nan,nan,3,0,1,10,0
45584000,1763802071082000,401540293,1162593685,58753,58753,0.25,0.5,0.29999998,0.39999998,0.0,0.0,0,0,0.08,-0.08,0.02,-0.17,0.0,0,nan,nan,3,0,1,10,0
45632000,1763802071132000,401540293,1162593684,58757,58757,0.25,0.5,0.29999998,0.39999998,0.0,0.0,0,0,0.08,-0.07,0.02,-0.16,0.0,0,nan,nan,3,0,1,10,0
45684000,1763802071182000,401540291,1162593674,58737,58737,0.25,0.5,0.29999998,0.39999998,0.0,0.0,0,0,0.02,-0.02,0.0,0.0,0.0,0,nan,nan,3,0,1,10,0
45732000,1763802071232000,401540291,1162593674,58741,58741,0.25,0.5,0.29999998,0.39999998,0.0,0.0,0,0,0.01,0.0,-0.01,0.06,0.0,0,nan,nan,3,0,1,10,0
45784000,1763802071282000,401540291,1162593674,58744,58744,0.25,0.5,0.29999998,0.39999998,0.0,0.0,0,0,0.02,0.01,-0.01,0.089999996,0.0,0,nan,nan,3,0,1,10,0
45832000,1763802071332000,401540291,1162593674,58746,58746,0.25,0.5,0.29999998,0.39999998,0.0,0.0,0,0,0.02,0.01,-0.01,0.099999994,0.0,0,nan,nan,3,0,1,10,0
45884000,1763802071382000,401540300,1162593673,58925,58925,0.25,0.5,0.29999998,0.39999998,0.0,0.0,0,0,0.049999997,0.04,-0.03,0.06,0.0,0,nan,nan,3,0,1,10,0
45932000,1763802071432000,401540300,1162593673,58928,58928,0.25,0.5,0.29999998,0.39999998,0.0,0.0,0,0,0.07,0.06,-0.04,0.04,0.0,0,nan,nan,3,0,1,10,0
45984000,1763802071482000,401540300,1162593672,58930,58930,0.25,0.5,0.29999998,0.39999998,0.0,0.0,0,0,0.08,0.06,-0.04,0.04,0.0,0,nan,nan,3,0,1,10,0
46032000,1763802071532000,401540300,1162593672,58932,58932,0.25,0.5,0.29999998,0.39999998,0.0,0.0,0,0,0.08,0.07,-0.04,0.04,0.0,0,nan,nan,3,0,1,10,0
46084000,1763802071582000,401540307,1162593688,59052,59052,0.25,0.5,0.29999998,0.39999998,0.0,0.0,0,0,0.049999997,0.0,-0.049999997,0.0,0.0,0,nan,nan,3,0,1,10,0
46132000,1763802071632000,401540307,1162593688,59055,59055,0.25,0.5,0.29999998,0.39999998,0.0,0.0,0,0,0.049999997,-0.02,-0.049999997,-0.02,0.0,0,nan,nan,3,0,1,10,0
46184000,1763802071682000,401540307,1162593687,59057,59057,0.25,0.5,0.29999998,0.39999998,0.0,0.0,0,0,0.06,-0.03,-0.049999997,-0.03,0.0,0,nan,nan,3,0,1,10,0
46232000,1763802071732000,401540308,1162593687,59059,59059,0.25,0.5,0.29999998,0.39999998,0.0,0.0,0,0,0.06,-0.03,-0.049999997,-0.03,0.0,0,nan,nan,3,0,1,10,0
46284000,1763802071782000,401540306,1162593694,58710,58710,0.25,0.5,0.29999998,0.39999998,0.0,0.0,0,0,0.04,-0.03,-0.01,0.01,0.0,0,nan,nan,3,0,1,10,0
46332000,1763802071832000,401540307,1162593694,58713,58713,0.25,0.5,0.29999998,0.39999998,0.0,0.0,0,0,0.04,-0.04,0.0,0.02,0.0,0,nan,nan,3,0,1,10,0
46384000,1763802071882000,401540307,1162593694,58716,58716,0.25,0.5,0.29999998,0.39999998,0.0,0.0,0,0,0.04,-0.03,0.01,0.02,0.0,0,nan,nan,3,0,1,10,0
46432000,1763802071932000,401540307,1162593693,58719,58719,0.25,0.5,0.29999998,0.39999998,0.0,0.0,0,0,0.04,-0.03,0.01,0.02,0.0,0,nan,nan,3,0,1,10,0
46484000,1763802071982000,401540312,1162593695,58716,58716,0.25,0.5,0.29999998,0.39999998,0.0,0.0,0,0,0.03,-0.02,-0.02,-0.14999999,0.0,0,nan,nan,3,0,1,10,0
46532000,1763802072032000,401540313,1162593695,58719,58719,0.25,0.5,0.29999998,0.39999998,0.0,0.0,0,0,0.04,-0.01,-0.03,-0.21,0.0,0,nan,nan,3,0,1,10,0
46584000,1763802072082000,401540313,1162593695,58722,58722,0.25,0.5,0.29999998,0.39999998,0.0,0.0,0,0,0.04,-0.01,-0.04,-0.24,0.0,0,nan,nan,3,0,1,10,0
46632000,1763802072132000,401540313,1162593695,58725,58725,0.25,0.5,0.29999998,0.39999998,0.0,0.0,0,0,0.04,-0.01,-0.04,-0.25,0.0,0,nan,nan,3,0,1,10,0
46684000,1763802072182000,401540309,1162593679,58711,58711,0.25,0.5,0.29999998,0.39999998,0.0,0.0,0,0,0.03,0.0,-0.03,-0.16,0.0,0,nan,nan,3,0,1,10,0
46732000,1763802072232000,401540310,1162593679,58714,58714,0.25,0.5,0.29999998,0.39999998,0.0,0.0,0,0,0.03,0.0,-0.03,-0.12,0.0,0,nan,nan,3,0,1,10,0
46784000,1763802072282000,401540310,1162593679,58718,58718,0.25,0.5,0.29999998,0.39999998,0.0,0.0,0,0,0.03,0.0,-0.03,-0.11,0.0,0,nan,nan,3,0,1,10,0
46832000,1763802072332000,401540310,1162593679,58721,58721,0.25,0.5,0.29999998,0.39999998,0.0,0.0,0,0,0.03,0.0,-0.03,-0.099999994,0.0,0,nan,nan,3,0,1,10,0
46884000,1763802072382000,401540301,1162593672,59000,59000,0.25,0.5,0.29999998,0.39999998,0.0,0.0,0,0,0.089999996,0.08,0.03,0.04,0.0,0,nan,nan,3,0,1,10,0
46932000,1763802072432000,401540302,1162593672,59002,59002,0.25,0.5,0.29999998,0.39999998,0.0,0.0,0,0,0.13,0.11,0.06,0.099999994,0.0,0,nan,nan,3,0,1,10,0
46984000,1763802072482000,401540302,1162593672,59004,59004,0.25,0.5,0.29999998,0.39999998,0.0,0.0,0,0,0.14,0.12,0.07,0.13,0.0,0,nan,nan,3,0,1,10,0
47032000,1763802072532000,401540302,1162593671,59005,59005,0.25,0.5,0.29999998,0.39999998,0.0,0.0,0,0,0.14,0.13,0.07,0.14,0.0,0,nan,nan,3,0,1,10,0
47084000,1763802072582000,401540312,1162593682,58758,58758,0.25,0.5,0.29999998,0.39999998,0.0,0.0,0,0,0.12,0.12,-0.02,0.0,0.0,0,nan,nan,3,0,1,10,0
47132000,1763802072632000,401540312,1162593682,58758,58758,0.25,0.5,0.29999998,0.39999998,0.0,0.0,0,0,0.13,0.12,-0.049999997,-0.04,0.0,0,nan,nan,3,0,1,10,0
47184000,1763802072682000,401540312,1162593682,58758,58758,0.25,0.5,0.29999998,0.39999998,0.0,0.0,0,0,0.13,0.12,-0.06,-0.06,0.0,0,nan,nan,3,0,1,10,0
47232000,1763802072732000,401540313,1162593682,58759,58759,0.25,0.5,0.29999998,0.39999998,0.0,0.0,0,0,0.13,0.11,-0.07,-0.06,0.0,0,nan,nan,3,0,1,10,0
47284000,1763802072782000,401540305,1162593685,59048,59048,0.25,0.5,0.29999998,0.39999998,0.0,0.0,0,0,0.04,0.02,-0.03,0.01,0.0,0,nan,nan,3,0,1,10,0
47332000,1763802072832000,401540305,1162593685,59048,59048,0.25,0.5,0.29999998,0.39999998,0.0,0.0,0,0,0.02,-0.01,-0.02,0.03,0.0,0,nan,nan,3,0,1,10,0
47384000,1763802072882000,401540305,1162593685,59048,59048,0.25,0.5,0.29999998,0.39999998,0.0,0.0,0,0,0.03,-0.03,-0.02,0.049999997,0.0,0,nan,nan,3,0,1,10,0
47432000,1763802072932000,401540305,1162593684,59048,59048,0.25,0.5,0.29999998,0.39999998,0.0,0.0,0,0,0.04,-0.04,-0.02,0.049999997,0.0,0,nan,nan,3,0,1,10,0
47484000,1763802072982000,401540303,1162593674,58887,58887,0.25,0.5,0.29999998,0.39999998,0.0,0.0,0,0,0.04,-0.03,0.02,0.14,0.0,0,nan,nan,3,0,1,10,0
47532000,1763802073032000,401540303,1162593674,58886,58886,0.25,0.5,0.29999998,0.39999998,0.0,0.0,0,0,0.049999997,-0.03,0.04,0.17999999,0.0,0,nan,nan,3,0,1,10,0
47584000,1763802073082000,401540303,1162593674,58886,58886,0.25,0.5,0.29999998,0.39999998,0.0,0.0,0,0,0.06,-0.04,0.04,0.19,0.0,0,nan,nan,3,0,1,10,0
47632000,1763802073132000,401540303,1162593674,58886,58886,0.25,0.5,0.29999998,0.39999998,0.0,0.0,0,0,0.06,-0.04,0.04,0.19,0.0,0,nan,nan,3,0,1,10,0
47684000,1763802073182000,401540311,1162593689,59146,59146,0.25,0.5,0.29999998,0.39999998,0.0,0.0,0,0,0.06,0.01,-0.06,0.19,0.0,0,nan,nan,3,0,1,10,0
47732000,1763802073232000,401540311,1162593689,59146,59146,0.25,0.5,0.29999998,0.39999998,0.0,0.0,0,0,0.099999994,0.03,-0.099999994,0.19,0.0,0,nan,nan,3,0,1,10,0
47784000,1763802073282000,401540311,1162593688,59146,59146,0.25,0.5,0.29999998,0.39999998,0.0,0.0,0,0,0.11,0.03,-0.11,0.17999999,0.0,0,nan,nan,3,0,1,10,0
47832000,1763802073332000,401540312,1162593688,59147,59147,0.25,0.5,0.29999998,0.39999998,0.0,0.0,0,0,0.12,0.03,-0.12,0.17,0.0,0,nan,nan,3,0,1,10,0
47884000,1763802073382000,401540312,1162593686,59113,59113,0.25,0.5,0.29999998,0.39999998,0.0,0.0,0,0,0.07,0.049999997,-0.04,-0.04,0.0,0,nan,nan,3,0,1,10,0
47932000,1763802073432000,401540312,1162593686,59115,59115,0.25,0.5,0.29999998,0.39999998,0.0,0.0,0,0,0.06,0.06,-0.01,-0.12,0.0,0,nan,nan,3,0,1,10,0
47984000,1763802073482000,401540313,1162593686,59117,59117,0.25,0.5,0.29999998,0.39999998,0.0,0.0,0,0,0.06,0.06,0.0,-0.16,0.0,0,nan,nan,3,0,1,10,0
48032000,1763802073532000,401540313,1162593686,59119,59119,0.25,0.5,0.29999998,0.39999998,0.0,0.0,0,0,0.06,0.06,0.0,-0.17999999,0.0,0,nan,nan,3,0,1,10,0
48084000,1763802073582000,401540311,1162593691,59128,59128,0.25,0.5,0.29999998,0.39999998,0.0,0.0,0,0,0.03,0.01,0.03,-0.19999999,0.0,0,nan,nan,3,0,1,10,0
48132000,1763802073632000,401540311,1162593691,59131,59131,0.25,0.5,0.29999998,0.39999998,0.0,0.0,0,0,0.049999997,-0.02,0.049999997,-0.22,0.0,0,nan,nan,3,0,1,10,0
48184000,1763802073682000,401540311,1162593691,59135,59135,0.25,0.5,0.29999998,0.39999998,0.0,0.0,0,0,0.06,-0.03,0.049999997,-0.22,0.0,0,nan,nan,3,0,1,10,0
48232000,1763802073732000,401540311,1162593691,59138,59138,0.25,0.5,0.29999998,0.39999998,0.0,0.0,0,0,0.06,-0.03,0.06,-0.22999999,0.0,0,nan,nan,3,0,1,10,0
48284000,1763802073782000,401540311,1162593691,58881,58881,0.25,0.5,0.29999998,0.39999998,0.0,0.0,0,0,0.049999997,-0.049999997,0.0,-0.099999994,0.0,0,nan,nan,3,0,1,10,0
48332000,1763802073832000,401540311,1162593691,58885,58885,0.25,0.5,0.29999998,0.39999998,0.0,0.0,0,0,0.06,-0.06,-0.01,-0.06,0.0,0,nan,nan,3,0,1,10,0
48384000,1763802073882000,401540311,1162593691,58888,58888,0.25,0.5,0.29999998,0.39999998,0.0,0.0,0,0,0.07,-0.06,-0.02,-0.03,0.0,0,nan,nan,3,0,1,10,0
48432000,1763802073932000,401540311,1162593691,58891,58891,0.25,0.5,0.29999998,0.39999998,0.0,0.0,0,0,0.07,-0.07,-0.02,-0.02,0.0,0,nan,nan,3,0,1,10,0
48484000,1763802073982000,401540298,1162593687,58872,58872,0.25,0.5,0.29999998,0.39999998,0.0,0.0,0,0,0.08,-0.08,-0.04,-0.16,0.0,0,nan,nan,3,0,1,10,0
48532000,1763802074032000,401540298,1162593686,58874,58874,0.25,0.5,0.29999998,0.39999998,0.0,0.0,0,0,0.089999996,-0.08,-0.049999997,-0.21,0.0,0,nan,nan,3,0,1,10,0
48584000,1763802074082000,401540298,1162593686,58877,58877,0.25,0.5,0.29999998,0.39999998,0.0,0.0,0,0,0.089999996,-0.08,-0.049999997,-0.22,0.0,0,nan,nan,3,0,1,10,0
48632000,1763802074132000,401540298,1162593686,58878,58878,0.25,0.5,0.29999998,0.39999998,0.0,0.0,0,0,0.099999994,-0.08,-0.049999997,-0.22,0.0,0,nan,nan,3,0,1,10,0
48684000,1763802074182000,401540311,1162593686,59179,59179,0.25,0.5,0.29999998,0.39999998,0.0,0.0,0,0,0.03,0.0,0.03,-0.13,0.0,0,nan,nan,3,0,1,10,0
48732000,1763802074232000,401540311,1162593686,59180,59180,0.25,0.5,0.29999998,0.39999998,0.0,0.0,0,0,0.06,0.03,0.06,-0.089999996,0.0,0,nan,nan,3,0,1,10,0
48784000,1763802074282000,401540311,1162593686,59181,59181,0.25,0.5,0.29999998,0.39999998,0.0,0.0,0,0,0.08,0.04,0.07,-0.08,0.0,0,nan,nan,3,0,1,10,0
48832000,1763802074332000,401540311,1162593686,59181,59181,0.25,0.5,0.29999998,0.39999998,0.0,0.0,0,0,0.08,0.04,0.07,-0.06,0.0,0,nan,nan,3,0,1,10,0
48884000,1763802074382000,401540306,1162593674,59141,59141,0.25,0.5,0.29999998,0.39999998,0.0,0.0,0,0,0.04,0.03,-0.02,-0.01,0.0,0,nan,nan,3,0,1,10,0
48932000,1763802074432000,401540306,1162593674,59141,59141,0.25,0.5,0.29999998,0.39999998,0.0,0.0,0,0,0.07,0.03,-0.06,0.02,0.0,0,nan,nan,3,0,1,10,0
48984000,1763802074482000,401540306,1162593674,59140,59140,0.25,0.5,0.29999998,0.39999998,0.0,0.0,0,0,0.08,0.03,-0.07,0.03,0.0,0,nan,nan,3,0,1,10,0
49032000,1763802074532000,401540306,1162593673,59139,59139,0.25,0.5,0.29999998,0.39999998,0.0,0.0,0,0,0.08,0.03,-0.08,0.04,0.0,0,nan,nan,3,0,1,10,0
49084000,1763802074582000,401540305,1162593666,58943,58943,0.25,0.5,0.29999998,0.39999998,0.0,0.0,0,0,0.04,-0.02,-0.04,0.03,0.0,0,nan,nan,3,0,1,10,0
49132000,1763802074632000,401540305,1162593666,58942,58942,0.25,0.5,0.29999998,0.39999998,0.0,0.0,0,0,0.04,-0.03,-0.02,0.02,0.0,0,nan,nan,3,0,1,10,0
49184000,1763802074682000,401540305,1162593665,58941,58941,0.25,0.5,0.29999998,0.39999998,0.0,0.0,0,0,0.04,-0.04,-0.02,0.02,0.0,0,nan,nan,3,0,1,10,0
49232000,1763802074732000,401540305,1162593665,58939,58939,0.25,0.5,0.29999998,0.39999998,0.0,0.0,0,0,0.04,-0.04,-0.02,0.02,0.0,0,nan,nan,3,0,1,10,0
49284000,1763802074782000,401540306,1162593684,59016,59016,0.25,0.5,0.29999998,0.39999998,0.0,0.0,0,0,0.07,0.04,-0.06,0.04,0.0,0,nan,nan,3,0,1,10,0
49332000,1763802074832000,401540306,1162593684,59015,59015,0.25,0.5,0.29999998,0.39999998,0.0,0.0,0,0,0.099999994,0.06,-0.08,0.049999997,0.0,0,nan,nan,3,0,1,10,0
49384000,1763802074882000,401540306,1162593683,59014,59014,0.25,0.5,0.29999998,0.39999998,0.0,0.0,0,0,0.11,0.07,-0.08,0.049999997,0.0,0,nan,nan,3,0,1,10,0
49432000,1763802074932000,401540306,1162593683,59012,59012,0.25,0.5,0.29999998,0.39999998,0.0,0.0,0,0,0.11,0.08,-0.08,0.06,0.0,0,nan,nan,3,0,1,10,0
49484000,1763802074982000,401540311,1162593668,58860,58860,0.25,0.5,0.29999998,0.39999998,0.0,0.0,0,0,0.11,0.049999997,-0.099999994,0.12,0.0,0,nan,nan,3,0,1,10,0
49532000,1763802075032000,401540311,1162593668,58859,58859,0.25,0.5,0.29999998,0.39999998,0.0,0.0,0,0,0.11,0.04,-0.099999994,0.14,0.0,0,nan,nan,3,0,1,10,0
49584000,1763802075082000,401540311,1162593667,58857,58857,0.25,0.5,0.29999998,0.39999998,0.0,0.0,0,0,0.11,0.04,-0.099999994,0.14999999,0.0,0,nan,nan,3,0,1,10,0
49632000,1763802075132000,401540311,1162593667,58856,58856,0.25,0.5,0.29999998,0.39999998,0.0,0.0,0,0,0.11,0.04,-0.099999994,0.16,0.0,0,nan,nan,3,0,1,10,0
49684000,1763802075182000,401540312,1162593673,58937,58937,0.25,0.5,0.29999998,0.39999998,0.0,0.0,0,0,0.049999997,-0.02,-0.049999997,0.049999997,0.0,0,nan,nan,3,0,1,10,0
49732000,1763802075232000,401540312,1162593673,58935,58935,0.25,0.5,0.29999998,0.39999998,0.0,0.0,0,0,0.049999997,-0.04,-0.03,0.01,0.0,0,nan,nan,3,0,1,10,0
49784000,1763802075282000,401540312,1162593673,58934,58934,0.25,0.5,0.29999998,0.39999998,0.0,0.0,0,0,0.049999997,-0.049999997,-0.02,0.0,0.0,0,nan,nan,3,0,1,10,0
49832000,1763802075332000,401540312,1162593673,58933,58933,0.25,0.5,0.29999998,0.39999998,0.0,0.0,0,0,0.049999997,-0.049999997,-0.01,-0.01,0.0,0,nan,nan,3,0,1,10,0
49884000,1763802075382000,401540308,1162593685,58900,58900,0.25,0.5,0.29999998,0.39999998,0.0,0.0,0,0,0.02,0.02,0.0,-0.02,0.0,0,nan,nan,3,0,1,10,0
49932000,1763802075432000,401540308,1162593685,58899,58899,0.25,0.5,0.29999998,0.39999998,0.0,0.0,0,0,0.04,0.04,0.0,-0.03,0.0,0,nan,nan,3,0,1,10,0
49984000,1763802075482000,401540308,1162593685,58898,58898,0.25,0.5,0.29999998,0.39999998,0.0,0.0,0,0,0.049999997,0.049999997,0.01,-0.04,0.0,0,nan,nan,3,0,1,10,0
50032000,1763802075532000,401540308,1162593685,58898,58898,0.25,0.5,0.29999998,0.39999998,0.0,0.0,0,0,0.049999997,0.049999997,0.01,-0.04,0.0,0,nan,nan,3,0,1,10,0
50084000,1763802075582000,401540310,1162593675,58861,58861,0.25,0.5,0.29999998,0.39999998,0.0,0.0,0,0,0.06,-0.03,0.049999997,0.06,0.0,0,nan,nan,3,0,1,10,0
50132000,1763802075632000,401540310,1162593675,58860,58860,0.25,0.5,0.29999998,0.39999998,0.0,0.0,0,0,0.089999996,-0.06,0.07,0.089999996,0.0,0,nan,nan,3,0,1,10,0
50184000,1763802075682000,401540310,1162593675,58860,58860,0.25,0.5,0.29999998,0.39999998,0.0,0.0,0,0,0.11,-0.07,0.08,0.099999994,0.0,0,nan,nan,3,0,1,10,0
50232000,1763802075732000,401540310,1162593675,58860,58860,0.25,0.5,0.29999998,0.39999998,0.0,0.0,0,0,0.11,-0.08,0.08,0.099999994,0.0,0,nan,nan,3,0,1,10,0
50284000,1763802075782000,401540296,1162593666,59188,59188,0.25,0.5,0.29999998,0.39999998,0.0,0.0,0,0,0.12,-0.099999994,0.06,0.12,0.0,0,nan,nan,3,0,1,10,0
50332000,1763802075832000,401540296,1162593666,59188,59188,0.25,0.5,0.29999998,0.39999998,0.0,0.0,0,0,0.13,-0.11,0.049999997,0.12,0.0,0,nan,nan,3,0,1,10,0
50384000,1763802075882000,401540296,1162593666,59189,59189,0.25,0.5,0.29999998,0.39999998,0.0,0.0,0,0,0.13,-0.12,0.049999997,0.12,0.0,0,nan,nan,3,0,1,10,0
50432000,1763802075932000,401540296,1162593666,59189,59189,0.25,0.5,0.29999998,0.39999998,0.0,0.0,0,0,0.13,-0.12,0.049999997,0.12,0.0,0,nan,nan,3,0,1,10,0
50484000,1763802075982000,401540302,1162593673,58799,58799,0.25,0.5,0.29999998,0.39999998,0.0,0.0,0,0,0.08,-0.07,0.03,-0.049999997,0.0,0,nan,nan,3,0,1,10,0
50532000,1763802076032000,401540302,1162593673,58800,58800,0.25,0.5,0.29999998,0.39999998,0.0,0.0,0,0,0.06,-0.06,0.02,-0.12,0.0,0,nan,nan,3,0,1,10,0
50584000,1763802076082000,401540302,1162593673,58802,58802,0.25,0.5,0.29999998,0.39999998,0.0,0.0,0,0,0.049999997,-0.049999997,0.01,-0.14999999,0.0,0,nan,nan,3,0,1,10,0
50632000,1763802076132000,401540302,1162593673,58804,58804,0.25,0.5,0.29999998,0.39999998,0.0,0.0,0,0,0.049999997,-0.049999997,0.01,-0.16,0.0,0,nan,nan,3,0,1,10,0
50684000,1763802076182000,401540299,1162593690,58841,58841,0.25,0.5,0.29999998,0.39999998,0.0,0.0,0,0,0.049999997,-0.04,0.02,-0.08,0.0,0,nan,nan,3,0,1,10,0
50732000,1763802076232000,401540299,1162593690,58843,58843,0.25,0.5,0.29999998,0.39999998,0.0,0.0,0,0,0.049999997,-0.04,0.02,-0.049999997,0.0,0,nan,nan,3,0,1,10,0
50784000,1763802076282000,401540299,1162593690,58845,58845,0.25,0.5,0.29999998,0.39999998,0.0,0.0,0,0,0.049999997,-0.04,0.02,-0.04,0.0,0,nan,nan,3,0,1,10,0
50832000,1763802076332000,401540299,1162593690,58848,58848,0.25,0.5,0.29999998,0.39999998,0.0,0.0,0,0,0.04,-0.04,0.02,-0.03,0.0,0,nan,nan,3,0,1,10,0
50884000,1763802076382000,401540299,1162593688,58809,58809,0.25,0.5,0.29999998,0.39999998,0.0,0.0,0,0,0.12,-0.07,0.089999996,0.089999996,0.0,0,nan,nan,3,0,1,10,0
50932000,1763802076432000,401540299,1162593688,58811,58811,0.25,0.5,0.29999998,0.39999998,0.0,0.0,0,0,0.14,-0.08,0.12,0.13,0.0,0,nan,nan,3,0,1,10,0
50984000,1763802076482000,401540299,1162593688,58813,58813,0.25,0.5,0.29999998,0.39999998,0.0,0.0,0,0,0.14999999,-0.08,0.13,0.14999999,0.0,0,nan,nan,3,0,1,10,0
51032000,1763802076532000,401540299,1162593688,58815,58815,0.25,0.5,0.29999998,0.39999998,0.0,0.0,0,0,0.14999999,-0.08,0.13,0.14999999,0.0,0,nan,nan,3,0,1,10,0
51084000,1763802076582000,401540300,1162593666,58987,58987,0.25,0.5,0.29999998,0.39999998,0.0,0.0,0,0,0.099999994,-0.04,0.099999994,0.0,0.0,0,nan,nan,3,0,1,10,0
51132000,1763802076632000,401540300,1162593666,58989,58989,0.25,0.5,0.29999998,0.39999998,0.0,0.0,0,0,0.08,-0.02,0.08,-0.06,0.0,0,nan,nan,3,0,1,10,0
51184000,1763802076682000,401540300,1162593667,58991,58991,0.25,0.5,0.29999998,0.39999998,0.0,0.0,0,0,0.08,-0.01,0.07,-0.089999996,0.0,0,nan,nan,3,0,1,10,0
51232000,1763802076732000,401540300,1162593667,58993,58993,0.25,0.5,0.29999998,0.39999998,0.0,0.0,0,0,0.07,-0.01,0.07,-0.099999994,0.0,0,nan,nan,3,0,1,10,0
51284000,1763802076782000,401540306,1162593685,59059,59059,0.25,0.5,0.29999998,0.39999998,0.0,0.0,0,0,0.08,-0.01,0.08,-0.07,0.0,0,nan,nan,3,0,1,10,0
51332000,1763802076832000,401540306,1162593685,59061,59061,0.25,0.5,0.29999998,0.39999998,0.0,0.0,0,0,0.089999996,-0.01,0.089999996,-0.06,0.0,0,nan,nan,3,0,1,10,0
51384000,1763802076882000,401540306,1162593685,59064,59064,0.25,0.5,0.29999998,0.39999998,0.0,0.0,0,0,0.089999996,-0.01,0.089999996,-0.06,0.0,0,nan,nan,3,0,1,10,0
51432000,1763802076932000,401540306,1162593685,59066,59066,0.25,0.5,0.29999998,0.39999998,0.0,0.0,0,0,0.08,0.0,0.08,-0.06,0.0,0,nan,nan,3,0,1,10,0
51484000,1763802076982000,401540307,1162593687,58879,58879,0.25,0.5,0.29999998,0.39999998,0.0,0.0,0,0,0.049999997,0.049999997,0.02,0.0,0.0,0,nan,nan,3,0,1,10,0
51532000,1763802077032000,401540307,1162593687,58881,58881,0.25,0.5,0.29999998,0.39999998,0.0,0.0,0,0,0.07,0.07,-0.01,0.02,0.0,0,nan,nan,3,0,1,10,0
51584000,1763802077082000,401540307,1162593687,58884,58884,0.25,0.5,0.29999998,0.39999998,0.0,0.0,0,0,0.08,0.08,-0.02,0.03,0.0,0,nan,nan,3,0,1,10,0
51632000,1763802077132000,401540307,1162593687,58886,58886,0.25,0.5,0.29999998,0.39999998,0.0,0.0,0,0,0.089999996,0.08,-0.03,0.04,0.0,0,nan,nan,3,0,1,10,0
51684000,1763802077182000,401540309,1162593670,58893,58893,0.25,0.5,0.29999998,0.39999998,0.0,0.0,0,0,0.049999997,0.01,-0.049999997,-0.07,0.0,0,nan,nan,3,0,1,10,0
51732000,1763802077232000,401540309,1162593670,58895,58895,0.25,0.5,0.29999998,0.39999998,0.0,0.0,0,0,0.06,-0.01,-0.06,-0.099999994,0.0,0,nan,nan,3,0,1,10,0
51784000,1763802077282000,401540309,1162593670,58897,58897,0.25,0.5,0.29999998,0.39999998,0.0,0.0,0,0,0.07,-0.02,-0.07,-0.12,0.0,0,nan,nan,3,0,1,10,0
51832000,1763802077332000,401540309,1162593670,58899,58899,0.25,0.5,0.29999998,0.39999998,0.0,0.0,0,0,0.08,-0.02,-0.07,-0.12,0.0,0,nan,nan,3,0,1,10,0
51884000,1763802077382000,401540316,1162593689,59120,59120,0.25,0.5,0.29999998,0.39999998,0.0,0.0,0,0,0.02,-0.01,0.02,0.0,0.0,0,nan,nan,3,0,1,10,0
51932000,1763802077432000,401540316,1162593689,59121,59121,0.25,0.5,0.29999998,0.39999998,0.0,0.0,0,0,0.049999997,0.0,0.049999997,0.04,0.0,0,nan,nan,3,0,1,10,0
51984000,1763802077482000,401540316,1162593689,59123,59123,0.25,0.5,0.29999998,0.39999998,0.0,0.0,0,0,0.06,0.0,0.06,0.06,0.0,0,nan,nan,3,0,1,10,0
52032000,1763802077532000,401540316,1162593689,59124,59124,0.25,0.5,0.29999998,0.39999998,0.0,0.0,0,0,0.06,0.0,0.06,0.06,0.0,0,nan,nan,3,0,1,10,0
52084000,1763802077582000,401540308,1162593682,59023,59023,0.25,0.5,0.29999998,0.39999998,0.0,0.0,0,0,0.04,-0.03,0.02,0.03,0.0,0,nan,nan,3,0,1,10,0
52132000,1763802077632000,401540308,1162593682,59024,59024,0.25,0.5,0.29999998,0.39999998,0.0,0.0,0,0,0.049999997,-0.049999997,0.01,0.02,0.0,0,nan,nan,3,0,1,10,0
52184000,1763802077682000,401540308,1162593682,59026,59026,0.25,0.5,0.29999998,0.39999998,0.0,0.0,0,0,0.06,-0.06,0.01,0.01,0.0,0,nan,nan,3,0,1,10,0
52232000,1763802077732000,401540308,1162593681,59028,59028,0.25,0.5,0.29999998,0.39999998,0.0,0.0,0,0,0.07,-0.07,0.0,0.01,0.0,0,nan,nan,3,0,1,10,0
52284000,1763802077782000,401540306,1162593690,59097,59097,0.25,0.5,0.29999998,0.39999998,0.0,0.0,0,0,0.06,-0.03,-0.049999997,0.03,0.0,0,nan,nan,3,0,1,10,0
52332000,1763802077832000,401540306,1162593690,59099,59099,0.25,0.5,0.29999998,0.39999998,0.0,0.0,0,0,0.08,-0.02,-0.07,0.03,0.0,0,nan,nan,3,0,1,10,0
52384000,1763802077882000,401540306,1162593690,59101,59101,0.25,0.5,0.29999998,0.39999998,0.0,0.0,0,0,0.089999996,-0.03,-0.08,0.04,0.0,0,nan,nan,3,0,1,10,0
52432000,1763802077932000,401540306,1162593690,59103,59103,0.25,0.5,0.29999998,0.39999998,0.0,0.0,0,0,0.089999996,-0.04,-0.089999996,0.04,0.0,0,nan,nan,3,0,1,10,0
52484000,1763802077982000,401540309,1162593666,59160,59160,0.25,0.5,0.29999998,0.39999998,0.0,0.0,0,0,0.04,-0.03,-0.03,-0.049999997,0.0,0,nan,nan,3,0,1,10,0
52532000,1763802078032000,401540309,1162593666,59162,59162,0.25,0.5,0.29999998,0.39999998,0.0,0.0,0,0,0.04,-0.04,0.0,-0.08,0.0,0,nan,nan,3,0,1,10,0
52584000,1763802078082000,401540309,1162593666,59164,59164,0.25,0.5,0.29999998,0.39999998,0.0,0.0,0,0,0.049999997,-0.049999997,0.0,-0.089999996,0.0,0,nan,nan,3,0,1,10,0
52632000,1763802078132000,401540308,1162593666,59165,59165,0.25,0.5,0.29999998,0.39999998,0.0,0.0,0,0,0.06,-0.06,0.01,-0.089999996,0.0,0,nan,nan,3,0,1,10,0
52684000,1763802078182000,401540298,1162593677,59275,59275,0.25,0.5,0.29999998,0.39999998,0.0,0.0,0,0,0.11,-0.099999994,0.049999997,-0.17,0.0,0,nan,nan,3,0,1,10,0
52732000,1763802078232000,401540298,1162593677,59277,59277,0.25,0.5,0.29999998,0.39999998,0.0,0.0,0,0,0.14,-0.12,0.06,-0.19999999,0.0,0,nan,nan,3,0,1,10,0
52784000,1763802078282000,401540297,1162593677,59278,59278,0.25,0.5,0.29999998,0.39999998,0.0,0.0,0,0,0.14999999,-0.13,0.07,-0.19999999,0.0,0,nan,nan,3,0,1,10,0
52832000,1763802078332000,401540297,1162593677,59280,59280,0.25,0.5,0.29999998,0.39999998,0.0,0.0,0,0,0.16,-0.14,0.07,-0.19999999,0.0,0,nan,nan,3,0,1,10,0
52884000,1763802078382000,401540307,1162593672,59117,59117,0.25,0.5,0.29999998,0.39999998,0.0,0.0,0,0,0.19999999,-0.19,0.049999997,-0.03,0.0,0,nan,nan,3,0,1,10,0
52932000,1763802078432000,401540306,1162593672,59118,59118,0.25,0.5,0.29999998,0.39999998,0.0,0.0,0,0,0.21,-0.21,0.049999997,0.04,0.0,0,nan,nan,3,0,1,10,0
52984000,1763802078482000,401540306,1162593672,59119,59119,0.25,0.5,0.29999998,0.39999998,0.0,0.0,0,0,0.22,-0.21,0.049999997,0.06,0.0,0,nan,nan,3,0,1,10,0
53032000,1763802078532000,401540305,1162593672,59120,59120,0.25,0.5,0.29999998,0.39999998,0.0,0.0,0,0,0.22,-0.21,0.049999997,0.07,0.0,0,nan,nan,3,0,1,10,0
53084000,1763802078582000,401540298,1162593675,59264,59264,0.25,0.5,0.29999998,0.39999998,0.0,0.0,0,0,0.17999999,-0.17,0.07,0.11,0.0,0,nan,nan,3,0,1,10,0
53132000,1763802078632000,401540297,1162593675,59265,59265,0.25,0.5,0.29999998,0.39999998,0.0,0.0,0,0,0.17,-0.14999999,0.07,0.12,0.0,0,nan,nan,3,0,1,10,0
53184000,1763802078682000,401540297,1162593675,59266,59266,0.25,0.5,0.29999998,0.39999998,0.0,0.0,0,0,0.16,-0.14,0.08,0.13,0.0,0,nan,nan,3,0,1,10,0
53232000,1763802078732000,401540296,1162593675,59266,59266,0.25,0.5,0.29999998,0.39999998,0.0,0.0,0,0,0.14999999,-0.13,0.08,0.13,0.0,0,nan,nan,3,0,1,10,0
53284000,1763802078782000,401540294,1162593667,59218,59218,0.25,0.5,0.29999998,0.39999998,0.0,0.0,0,0,0.13,-0.13,-0.01,-0.04,0.0,0,nan,nan,3,0,1,10,0
53332000,1763802078832000,401540294,1162593667,59218,59218,0.25,0.5,0.29999998,0.39999998,0.0,0.0,0,0,0.13,-0.12,-0.04,-0.099999994,0.0,0,nan,nan,3,0,1,10,0
53384000,1763802078882000,401540293,1162593667,59219,59219,0.25,0.5,0.29999998,0.39999998,0.0,0.0,0,0,0.12,-0.11,-0.049999997,-0.12,0.0,0,nan,nan,3,0,1,10,0
53432000,1763802078932000,401540293,1162593667,59219,59219,0.25,0.5,0.29999998,0.39999998,0.0,0.0,0,0,0.11,-0.099999994,-0.049999997,-0.13,0.0,0,nan,nan,3,0,1,10,0
53484000,1763802078982000,401540298,1162593668,58951,58951,0.25,0.5,0.29999998,0.39999998,0.0,0.0,0,0,0.13,-0.12,0.03,0.049999997,0.0,0,nan,nan,3,0,1,10,0
53532000,1763802079032000,401540298,1162593668,58951,58951,0.25,0.5,0.29999998,0.39999998,0.0,0.0,0,0,0.14,-0.12,0.06,0.12,0.0,0,nan,nan,3,0,1,10,0
53584000,1763802079082000,401540298,1162593668,58951,58951,0.25,0.5,0.29999998,0.39999998,0.0,0.0,0,0,0.14,-0.12,0.07,0.14999999,0.0,0,nan,nan,3,0,1,10,0
53632000,1763802079132000,401540298,1162593668,58952,58952,0.25,0.5,0.29999998,0.39999998,0.0,0.0,0,0,0.13,-0.11,0.07,0.16,0.0,0,nan,nan,3,0,1,10,0
53684000,1763802079182000,401540298,1162593681,58909,58909,0.25,0.5,0.29999998,0.39999998,0.0,0.0,0,0,0.08,-0.07,0.04,0.049999997,0.0,0,nan,nan,3,0,1,10,0
53732000,1763802079232000,401540298,1162593681,58909,58909,0.25,0.5,0.29999998,0.39999998,0.0,0.0,0,0,0.06,-0.049999997,0.03,0.01,0.0,0,nan,nan,3,0,1,10,0
53784000,1763802079282000,401540298,1162593681,58910,58910,0.25,0.5,0.29999998,0.39999998,0.0,0.0,0,0,0.049999997,-0.04,0.02,-0.01,0.0,0,nan,nan,3,0,1,10,0
53832000,1763802079332000,401540298,1162593681,58910,58910,0.25,0.5,0.29999998,0.39999998,0.0,0.0,0,0,0.04,-0.03,0.02,-0.02,0.0,0,nan,nan,3,0,1,10,0
53884000,1763802079382000,401540304,1162593685,59172,59172,0.25,0.5,0.29999998,0.39999998,0.0,0.0,0,0,0.049999997,0.04,-0.04,0.06,0.0,0,nan,nan,3,0,1,10,0
53932000,1763802079432000,401540304,1162593685,59173,59173,0.25,0.5,0.29999998,0.39999998,0.0,0.0,0,0,0.089999996,0.06,-0.07,0.089999996,0.0,0,nan,nan,3,0,1,10,0
53984000,1763802079482000,401540304,1162593685,59174,59174,0.25,0.5,0.29999998,0.39999998,0.0,0.0,0,0,0.099999994,0.07,-0.07,0.099999994,0.0,0,nan,nan,3,0,1,10,0
54032000,1763802079532000,401540304,1162593685,59175,59175,0.25,0.5,0.29999998,0.39999998,0.0,0.0,0,0,0.11,0.08,-0.08,0.11,0.0,0,nan,nan,3,0,1,10,0
54084000,1763802079582000,401540306,1162593681,59066,59066,0.25,0.5,0.29999998,0.39999998,0.0,0.0,0,0,0.03,0.02,-0.01,-0.04,0.0,0,nan,nan,3,0,1,10,0
54132000,1763802079632000,401540306,1162593681,59067,59067,0.25,0.5,0.29999998,0.39999998,0.0,0.0,0,0,0.02,0.0,0.02,-0.099999994,0.0,0,nan,nan,3,0,1,10,0
54184000,1763802079682000,401540306,1162593681,59069,59069,0.25,0.5,0.29999998,0.39999998,0.0,0.0,0,0,0.03,0.0,0.03,-0.12,0.0,0,nan,nan,3,0,1,10,0
54232000,1763802079732000,401540306,1162593681,59070,59070,0.25,0.5,0.29999998,0.39999998,0.0,0.0,0,0,0.03,-0.01,0.03,-0.13,0.0,0,nan,nan,3,0,1,10,0
54284000,1763802079782000,401540299,1162593675,58949,58949,0.25,0.5,0.29999998,0.39999998,0.0,0.0,0,0,0.02,-0.02,0.0,0.0,0.0,0,nan,nan,3,0,1,10,0
54332000,1763802079832000,401540299,1162593675,58950,58950,0.25,0.5,0.29999998,0.39999998,0.0,0.0,0,0,0.04,-0.03,-0.01,0.049999997,0.0,0,nan,nan,3,0,1,10,0
54384000,1763802079882000,401540299,1162593675,58952,58952,0.25,0.5,0.29999998,0.39999998,0.0,0.0,0,0,0.049999997,-0.049999997,-0.02,0.07,0.0,0,nan,nan,3,0,1,10,0
54432000,1763802079932000,401540299,1162593676,58954,58954,0.25,0.5,0.29999998,0.39999998,0.0,0.0,0,0,0.06,-0.06,-0.02,0.07,0.0,0,nan,nan,3,0,1,10,0
54484000,1763802079982000,401540293,1162593693,59057,59057,0.25,0.5,0.29999998,0.39999998,0.0,0.0,0,0,0.049999997,-0.03,-0.049999997,0.06,0.0,0,nan,nan,3,0,1,10,0
54532000,1763802080032000,401540292,1162593693,59059,59059,0.25,0.5,0.29999998,0.39999998,0.0,0.0,0,0,0.06,-0.03,-0.06,0.06,0.0,0,nan,nan,3,0,1,10,0
54584000,1763802080082000,401540292,1162593693,59061,59061,0.25,0.5,0.29999998,0.39999998,0.0,0.0,0,0,0.07,-0.04,-0.06,0.06,0.0,0,nan,nan,3,0,1,10,0
54632000,1763802080132000,401540292,1162593693,59062,59062,0.25,0.5,0.29999998,0.39999998,0.0,0.0,0,0,0.07,-0.04,-0.06,0.06,0.0,0,nan,nan,3,0,1,10,0
54684000,1763802080182000,401540304,1162593694,59142,59142,0.25,0.5,0.29999998,0.39999998,0.0,0.0,0,0,0.14,-0.13,-0.049999997,0.01,0.0,0,nan,nan,3,0,1,10,0
54732000,1763802080232000,401540304,1162593694,59144,59144,0.25,0.5,0.29999998,0.39999998,0.0,0.0,0,0,0.17,-0.16,-0.04,-0.01,0.0,0,nan,nan,3,0,1,10,0
54784000,1763802080282000,401540304,1162593694,59146,59146,0.25,0.5,0.29999998,0.39999998,0.0,0.0,0,0,0.17,-0.17,-0.04,-0.02,0.0,0,nan,nan,3,0,1,10,0
54832000,1763802080332000,401540303,1162593694,59147,59147,0.25,0.5,0.29999998,0.39999998,0.0,0.0,0,0,0.17,-0.16,-0.04,-0.02,0.0,0,nan,nan,3,0,1,10,0
54884000,1763802080382000,401540301,1162593688,59298,59298,0.25,0.5,0.29999998,0.39999998,0.0,0.0,0,0,0.12,-0.11,0.049999997,-0.049999997,0.0,0,nan,nan,3,0,1,10,0
54932000,1763802080432000,401540300,1162593688,59300,59300,0.25,0.5,0.29999998,0.39999998,0.0,0.0,0,0,0.12,-0.08,0.08,-0.06,0.0,0,nan,nan,3,0,1,10,0
54984000,1763802080482000,401540300,1162593688,59302,59302,0.25,0.5,0.29999998,0.39999998,0.0,0.0,0,0,0.11,-0.06,0.089999996,-0.06,0.0,0,nan,nan,3,0,1,10,0
55032000,1763802080532000,401540300,1162593688,59304,59304,0.25,0.5,0.29999998,0.39999998,0.0,0.0,0,0,0.11,-0.04,0.099999994,-0.06,0.0,0,nan,nan,3,0,1,10,0
55084000,1763802080582000,401540293,1162593690,58940,58940,0.25,0.5,0.29999998,0.39999998,0.0,0.0,0,0,0.11,0.0,0.11,-0.08,0.0,0,nan,nan,3,0,1,10,0
55132000,1763802080632000,401540293,1162593690,58941,58941,0.25,0.5,0.29999998,0.39999998,0.0,0.0,0,0,0.12,0.03,0.12,-0.089999996,0.0,0,nan,nan,3,0,1,10,0
55184000,1763802080682000,401540293,1162593690,58943,58943,0.25,0.5,0.29999998,0.39999998,0.0,0.0,0,0,0.13,0.049999997,0.12,-0.089999996,0.0,0,nan,nan,3,0,1,10,0
55232000,1763802080732000,401540293,1162593691,58945,58945,0.25,0.5,0.29999998,0.39999998,0.0,0.0,0,0,0.14,0.06,0.12,-0.089999996,0.0,0,nan,nan,3,0,1,10,0
55284000,1763802080782000,401540285,1162593671,59187,59187,0.25,0.5,0.29999998,0.39999998,0.0,0.0,0,0,0.089999996,0.08,0.03,0.049999997,0.0,0,nan,nan,3,0,1,10,0
55332000,1763802080832000,401540286,1162593671,59189,59189,0.25,0.5,0.29999998,0.39999998,0.0,0.0,0,0,0.089999996,0.089999996,0.0,0.11,0.0,0,nan,nan,3,0,1,10,0
55384000,1763802080882000,401540286,1162593671,59190,59190,0.25,0.5,0.29999998,0.39999998,0.0,0.0,0,0,0.099999994,0.099999994,-0.01,0.13,0.0,0,nan,nan,3,0,1,10,0
55432000,1763802080932000,401540286,1162593672,59191,59191,0.25,0.5,0.29999998,0.39999998,0.0,0.0,0,0,0.099999994,0.099999994,-0.02,0.14,0.0,0,nan,nan,3,0,1,10,0
55484000,1763802080982000,401540305,1162593683,58971,58971,0.25,0.5,0.29999998,0.39999998,0.0,0.0,0,0,0.13,0.12,0.049999997,0.12,0.0,0,nan,nan,3,0,1,10,0
55532000,1763802081032000,401540305,1162593683,58972,58972,0.25,0.5,0.29999998,0.39999998,0.0,0.0,0,0,0.14999999,0.13,0.07,0.11,0.0,0,nan,nan,3,0,1,10,0
55584000,1763802081082000,401540305,1162593684,58973,58973,0.25,0.5,0.29999998,0.39999998,0.0,0.0,0,0,0.16,0.13,0.08,0.099999994,0.0,0,nan,nan,3,0,1,10,0
55632000,1763802081132000,401540306,1162593684,58974,58974,0.25,0.5,0.29999998,0.39999998,0.0,0.0,0,0,0.16,0.14,0.08,0.099999994,0.0,0,nan,nan,3,0,1,10,0
55684000,1763802081182000,401540301,1162593674,59141,59141,0.25,0.5,0.29999998,0.39999998,0.0,0.0,0,0,0.089999996,0.08,0.049999997,0.089999996,0.0,0,nan,nan,3,0,1,10,0
55732000,1763802081232000,401540301,1162593674,59142,59142,0.25,0.5,0.29999998,0.39999998,0.0,0.0,0,0,0.07,0.06,0.03,0.08,0.0,0,nan,nan,3,0,1,10,0
55784000,1763802081282000,401540301,1162593674,59144,59144,0.25,0.5,0.29999998,0.39999998,0.0,0.0,0,0,0.07,0.06,0.02,0.08,0.0,0,nan,nan,3,0,1,10,0
55832000,1763802081332000,401540302,1162593674,59146,59146,0.25,0.5,0.29999998,0.39999998,0.0,0.0,0,0,0.07,0.07,0.02,0.08,0.0,0,nan,nan,3,0,1,10,0
55884000,1763802081382000,401540297,1162593687,59087,59087,0.25,0.5,0.29999998,0.39999998,0.0,0.0,0,0,0.12,0.11,-0.06,0.01,0.0,0,nan,nan,3,0,1,10,0
55932000,1763802081432000,401540298,1162593687,59089,59089,0.25,0.5,0.29999998,0.39999998,0.0,0.0,0,0,0.14999999,0.12,-0.089999996,-0.02,0.0,0,nan,nan,3,0,1,10,0
55984000,1763802081482000,401540298,1162593687,59092,59092,0.25,0.5,0.29999998,0.39999998,0.0,0.0,0,0,0.17,0.13,-0.099999994,-0.03,0.0,0,nan,nan,3,0,1,10,0
56032000,1763802081532000,401540299,1162593687,59094,59094,0.25,0.5,0.29999998,0.39999998,0.0,0.0,0,0,0.17999999,0.14,-0.11,-0.04,0.0,0,nan,nan,3,0,1,10,0
56084000,1763802081582000,401540299,1162593692,58971,58971,0.25,0.5,0.29999998,0.39999998,0.0,0.0,0,0,0.17999999,0.14,-0.11,0.0,0.0,0,nan,nan,3,0,1,10,0
56132000,1763802081632000,401540299,1162593692,58974,58974,0.25,0.5,0.29999998,0.39999998,0.0,0.0,0,0,0.19,0.14999999,-0.12,0.01,0.0,0,nan,nan,3,0,1,10,0
56184000,1763802081682000,401540300,1162593692,58977,58977,0.25,0.5,0.29999998,0.39999998,0.0,0.0,0,0,0.19999999,0.16,-0.12,0.01,0.0,0,nan,nan,3,0,1,10,0
56232000,1763802081732000,401540301,1162593692,58980,58980,0.25,0.5,0.29999998,0.39999998,0.0,0.0,0,0,0.22,0.17999999,-0.12,0.01,0.0,0,nan,nan,3,0,1,10,0
56284000,1763802081782000,401540314,1162593683,59044,59044,0.25,0.5,0.29999998,0.39999998,0.0,0.0,0,0,0.21,0.21,0.0,0.04,0.0,0,nan,nan,3,0,1,10,0
56332000,1763802081832000,401540315,1162593683,59047,59047,0.25,0.5,0.29999998,0.39999998,0.0,0.0,0,0,0.24,0.24,0.04,0.049999997,0.0,0,nan,nan,3,0,1,10,0
56384000,1763802081882000,401540315,1162593683,59050,59050,0.25,0.5,0.29999998,0.39999998,0.0,0.0,0,0,0.26,0.25,0.06,0.049999997,0.0,0,nan,nan,3,0,1,10,0
56432000,1763802081932000,401540316,1162593683,59054,59054,0.25,0.5,0.29999998,0.39999998,0.0,0.0,0,0,0.26999998,0.26,0.07,0.049999997,0.0,0,nan,nan,3,0,1,10,0
56484000,1763802081982000,401540306,1162593693,59389,59389,0.25,0.5,0.29999998,0.39999998,0.0,0.0,0,0,0.19999999,0.19999999,0.02,0.049999997,0.0,0,nan,nan,3,0,1,10,0
56532000,1763802082032000,401540307,1162593693,59392,59392,0.25,0.5,0.29999998,0.39999998,0.0,0.0,0,0,0.17999999,0.17999999,0.01,0.049999997,0.0,0,nan,nan,3,0,1,10,0
56584000,1763802082082000,401540308,1162593693,59396,59396,0.25,0.5,0.29999998,0.39999998,0.0,0.0,0,0,0.17,0.17,0.0,0.049999997,0.0,0,nan,nan,3,0,1,10,0
56632000,1763802082132000,401540309,1162593693,59399,59399,0.25,0.5,0.29999998,0.39999998,0.0,0.0,0,0,0.16,0.16,0.0,0.049999997,0.0,0,nan,nan,3,0,1,10,0
56684000,1763802082182000,401540313,1162593670,59298,59298,0.25,0.5,0.29999998,0.39999998,0.0,0.0,0,0,0.19,0.19,0.0,0.099999994,0.0,0,nan,nan,3,0,1,10,0
56732000,1763802082232000,401540314,1162593670,59301,59301,0.25,0.5,0.29999998,0.39999998,0.0,0.0,0,0,0.19999999,0.19999999,0.0,0.12,0.0,0,nan,nan,3,0,1,10,0
56784000,1763802082282000,401540315,1162593670,59305,59305,0.25,0.5,0.29999998,0.39999998,0.0,0.0,0,0,0.19999999,0.19999999,0.0,0.12,0.0,0,nan,nan,3,0,1,10,0
56832000,1763802082332000,401540316,1162593670,59308,59308,0.25,0.5,0.29999998,0.39999998,0.0,0.0,0,0,0.21,0.21,0.0,0.12,0.0,0,nan,nan,3,0,1,10,0
56884000,1763802082382000,401540311,1162593671,59224,59224,0.25,0.5,0.29999998,0.39999998,0.0,0.0,0,0,0.26,0.26,0.02,0.07,0.0,0,nan,nan,3,0,1,10,0
56932000,1763802082432000,401540312,1162593671,59228,59228,0.25,0.5,0.29999998,0.39999998,0.0,0.0,0,0,0.28,0.28,0.03,0.049999997,0.0,0,nan,nan,3,0,1,10,0
56984000,1763802082482000,401540313,1162593671,59231,59231,0.25,0.5,0.29999998,0.39999998,0.0,0.0,0,0,0.28,0.28,0.03,0.04,0.0,0,nan,nan,3,0,1,10,0
57032000,1763802082532000,401540314,1162593671,59235,59235,0.25,0.5,0.29999998,0.39999998,0.0,0.0,0,0,0.26999998,0.26999998,0.04,0.03,0.0,0,nan,nan,3,0,1,10,0
57084000,1763802082582000,401540310,1162593676,59394,59394,0.25,0.5,0.29999998,0.39999998,0.0,0.0,0,0,0.16,0.16,-0.02,0.04,0.0,0,nan,nan,3,0,1,10,0
57132000,1763802082632000,401540311,1162593675,59398,59398,0.25,0.5,0.29999998,0.39999998,0.0,0.0,0,0,0.13,0.13,-0.03,0.049999997,0.0,0,nan,nan,3,0,1,10,0
57184000,1763802082682000,401540311,1162593675,59403,59403,0.25,0.5,0.29999998,0.39999998,0.0,0.0,0,0,0.13,0.12,-0.04,0.04,0.0,0,nan,nan,3,0,1,10,0
57232000,1763802082732000,401540312,1162593675,59407,59407,0.25,0.5,0.29999998,0.39999998,0.0,0.0,0,0,0.13,0.12,-0.04,0.04,0.0,0,nan,nan,3,0,1,10,0
57284000,1763802082782000,401540330,1162593668,59040,59040,0.25,0.5,0.29999998,0.39999998,0.0,0.0,0,0,0.16,0.16,0.01,0.06,0.0,0,nan,nan,3,0,1,10,0
57332000,1763802082832000,401540331,1162593668,59045,59045,0.25,0.5,0.29999998,0.39999998,0.0,0.0,0,0,0.17,0.17,0.03,0.07,0.0,0,nan,nan,3,0,1,10,0
57384000,1763802082882000,401540332,1162593668,59050,59050,0.25,0.5,0.29999998,0.39999998,0.0,0.0,0,0,0.17999999,0.17,0.04,0.07,0.0,0,nan,nan,3,0,1,10,0
57432000,1763802082932000,401540333,1162593668,59054,59054,0.25,0.5,0.29999998,0.39999998,0.0,0.0,0,0,0.17999999,0.17,0.04,0.08,0.0,0,nan,nan,3,0,1,10,0
57484000,1763802082982000,401540320,1162593666,59216,59216,0.25,0.5,0.29999998,0.39999998,0.0,0.0,0,0,0.21,0.21,-0.049999997,-0.14,0.0,0,nan,nan,3,0,1,10,0
57532000,1763802083032000,401540321,1162593666,59221,59221,0.25,0.5,0.29999998,0.39999998,0.0,0.0,0,0,0.22999999,0.21,-0.08,-0.21,0.0,0,nan,nan,3,0,1,10,0
57584000,1763802083082000,401540322,1162593665,59225,59225,0.25,0.5,0.29999998,0.39999998,0.0,0.0,0,0,0.22999999,0.21,-0.089999996,-0.24,0.0,0,nan,nan,3,0,1,10,0
57632000,1763802083132000,401540323,1162593665,59230,59230,0.25,0.5,0.29999998,0.39999998,0.0,0.0,0,0,0.22999999,0.21,-0.099999994,-0.25,0.0,0,nan,nan,3,0,1,10,0
57684000,1763802083182000,401540338,1162593688,59496,59496,0.25,0.5,0.29999998,0.39999998,0.0,0.0,0,0,0.12,0.12,-0.01,-0.26999998,0.0,0,nan,nan,3,0,1,10,0
57732000,1763802083232000,401540339,1162593688,59501,59501,0.25,0.5,0.29999998,0.39999998,0.0,0.0,0,0,0.089999996,0.08,0.03,-0.28,0.0,0,nan,nan,3,0,1,10,0
57784000,1763802083282000,401540340,1162593688,59505,59505,0.25,0.5,0.29999998,0.39999998,0.0,0.0,0,0,0.07,0.06,0.04,-0.28,0.0,0,nan,nan,3,0,1,10,0
57832000,1763802083332000,401540340,1162593688,59509,59509,0.25,0.5,0.29999998,0.39999998,0.0,0.0,0,0,0.07,0.049999997,0.049999997,-0.26999998,0.0,0,nan,nan,3,0,1,10,0
57884000,1763802083382000,401540333,1162593676,59419,59419,0.25,0.5,0.29999998,0.39999998,0.0,0.0,0,0,0.089999996,0.089999996,-0.02,-0.11,0.0,0,nan,nan,3,0,1,10,0
57932000,1763802083432000,401540334,1162593677,59423,59423,0.25,0.5,0.29999998,0.39999998,0.0,0.0,0,0,0.11,0.099999994,-0.049999997,-0.049999997,0.0,0,nan,nan,3,0,1,10,0
57984000,1763802083482000,401540334,1162593677,59426,59426,0.25,0.5,0.29999998,0.39999998,0.0,0.0,0,0,0.11,0.089999996,-0.06,-0.02,0.0,0,nan,nan,3,0,1,10,0
58032000,1763802083532000,401540335,1162593677,59429,59429,0.25,0.5,0.29999998,0.39999998,0.0,0.0,0,0,0.099999994,0.089999996,-0.06,-0.01,0.0,0,nan,nan,3,0,1,10,0
58084000,1763802083582000,401540345,1162593676,59332,59332,0.25,0.5,0.29999998,0.39999998,0.0,0.0,0,0,0.099999994,0.089999996,0.03,0.03,0.0,0,nan,nan,3,0,1,10,0
58132000,1763802083632000,401540345,1162593676,59335,59335,0.25,0.5,0.29999998,0.39999998,0.0,0.0,0,0,0.11,0.089999996,0.06,0.049999997,0.0,0,nan,nan,3,0,1,10,0
58184000,1763802083682000,401540345,1162593676,59337,59337,0.25,0.5,0.29999998,0.39999998,0.0,0.0,0,0,0.11,0.08,0.08,0.07,0.0,0,nan,nan,3,0,1,10,0
58232000,1763802083732000,401540346,1162593676,59339,59339,0.25,0.5,0.29999998,0.39999998,0.0,0.0,0,0,0.11,0.06,0.08,0.07,0.0,0,nan,nan,3,0,1,10,0
58284000,1763802083782000,401540344,1162593691,59491,59491,0.25,0.5,0.29999998,0.39999998,0.0,0.0,0,0,0.06,0.04,0.049999997,0.0,0.0,0,nan,nan,3,0,1,10,0
58332000,1763802083832000,401540344,1162593691,59492,59492,0.25,0.5,0.29999998,0.39999998,0.0,0.0,0,0,0.04,0.02,0.04,-0.03,0.0,0,nan,nan,3,0,1,10,0
58384000,1763802083882000,401540344,1162593691,59493,59493,0.25,0.5,0.29999998,0.39999998,0.0,0.0,0,0,0.03,0.0,0.03,-0.04,0.0,0,nan,nan,3,0,1,10,0
58432000,1763802083932000,401540344,1162593691,59494,59494,0.25,0.5,0.29999998,0.39999998,0.0,0.0,0,0,0.03,-0.01,0.03,-0.04,0.0,0,nan,nan,3,0,1,10,0
58484000,1763802083982000,401540340,1162593687,59151,59151,0.25,0.5,0.29999998,0.39999998,0.0,0.0,0,0,0.049999997,-0.04,0.03,-0.04,0.0,0,nan,nan,3,0,1,10,0
58532000,1763802084032000,401540340,1162593687,59152,59152,0.25,0.5,0.29999998,0.39999998,0.0,0.0,0,0,0.06,-0.06,0.03,-0.03,0.0,0,nan,nan,3,0,1,10,0
58584000,1763802084082000,401540340,1162593688,59152,59152,0.25,0.5,0.29999998,0.39999998,0.0,0.0,0,0,0.07,-0.07,0.03,-0.03,0.0,0,nan,nan,3,0,1,10,0
58632000,1763802084132000,401540340,1162593688,59152,59152,0.25,0.5,0.29999998,0.39999998,0.0,0.0,0,0,0.08,-0.08,0.03,-0.03,0.0,0,nan,nan,3,0,1,10,0
58684000,1763802084182000,401540342,1162593676,59382,59382,0.25,0.5,0.29999998,0.39999998,0.0,0.0,0,0,0.11,-0.099999994,0.049999997,0.049999997,0.0,0,nan,nan,3,0,1,10,0
58732000,1763802084232000,401540342,1162593676,59382,59382,0.25,0.5,0.29999998,0.39999998,0.0,0.0,0,0,0.12,-0.11,0.06,0.08,0.0,0,nan,nan,3,0,1,10,0
58784000,1763802084282000,401540342,1162593676,59382,59382,0.25,0.5,0.29999998,0.39999998,0.0,0.0,0,0,0.13,-0.11,0.06,0.089999996,0.0,0,nan,nan,3,0,1,10,0
58832000,1763802084332000,401540342,1162593676,59381,59381,0.25,0.5,0.29999998,0.39999998,0.0,0.0,0,0,0.13,-0.11,0.06,0.099999994,0.0,0,nan,nan,3,0,1,10,0
58884000,1763802084382000,401540346,1162593688,59448,59448,0.25,0.5,0.29999998,0.39999998,0.0,0.0,0,0,0.11,-0.099999994,0.049999997,0.01,0.0,0,nan,nan,3,0,1,10,0
58932000,1763802084432000,401540346,1162593688,59447,59447,0.25,0.5,0.29999998,0.39999998,0.0,0.0,0,0,0.099999994,-0.089999996,0.049999997,-0.01,0.0,0,nan,nan,3,0,1,10,0
58984000,1763802084482000,401540346,1162593688,59446,59446,0.25,0.5,0.29999998,0.39999998,0.0,0.0,0,0,0.099999994,-0.089999996,0.049999997,-0.02,0.0,0,nan,nan,3,0,1,10,0
59032000,1763802084532000,401540345,1162593688,59445,59445,0.25,0.5,0.29999998,0.39999998,0.0,0.0,0,0,0.089999996,-0.08,0.04,-0.02,0.0,0,nan,nan,3,0,1,10,0
59084000,1763802084582000,401540326,1162593667,59237,59237,0.25,0.5,0.29999998,0.39999998,0.0,0.0,0,0,0.03,0.02,0.03,-0.08,0.0,0,nan,nan,3,0,1,10,0
59132000,1763802084632000,401540326,1162593667,59235,59235,0.25,0.5,0.29999998,0.39999998,0.0,0.0,0,0,0.06,0.06,0.02,-0.099999994,0.0,0,nan,nan,3,0,1,10,0
59184000,1763802084682000,401540326,1162593667,59234,59234,0.25,0.5,0.29999998,0.39999998,0.0,0.0,0,0,0.08,0.08,0.01,-0.099999994,0.0,0,nan,nan,3,0,1,10,0
59232000,1763802084732000,401540326,1162593667,59232,59232,0.25,0.5,0.29999998,0.39999998,0.0,0.0,0,0,0.08,0.08,0.01,-0.099999994,0.0,0,nan,nan,3,0,1,10,0
59284000,1763802084782000,401540339,1162593671,59159,59159,0.25,0.5,0.29999998,0.39999998,0.0,0.0,0,0,0.02,-0.02,0.01,-0.03,0.0,0,nan,nan,3,0,1,10,0
59332000,1763802084832000,401540339,1162593671,59157,59157,0.25,0.5,0.29999998,0.39999998,0.0,0.0,0,0,0.06,-0.049999997,0.01,-0.01,0.0,0,nan,nan,3,0,1,10,0
59384000,1763802084882000,401540339,1162593671,59155,59155,0.25,0.5,0.29999998,0.39999998,0.0,0.0,0,0,0.07,-0.07,0.0,0.01,0.0,0,nan,nan,3,0,1,10,0
59432000,1763802084932000,401540339,1162593670,59153,59153,0.25,0.5,0.29999998,0.39999998,0.0,0.0,0,0,0.08,-0.08,0.0,0.01,0.0,0,nan,nan,3,0,1,10,0
59484000,1763802084982000,401540343,1162593666,59285,59285,0.25,0.5,0.29999998,0.39999998,0.0,0.0,0,0,0.08,-0.02,-0.08,0.14999999,0.0,0,nan,nan,3,0,1,10,0
59581000,1763802085083000,401540343,1162593666,59279,59279,0.25,0.5,0.29999998,0.39999998,0.0,0.0,0,0,0.12,-0.01,-0.12,0.22999999,0.0,0,nan,nan,3,0,1,10,0
59632000,1763802085132000,401540343,1162593666,59276,59276,0.25,0.5,0.29999998,0.39999998,0.0,0.0,0,0,0.12,-0.01,-0.12,0.24,0.0,0,nan,nan,3,0,1,10,0
59685000,1763802085182000,401540341,1162593681,59292,59292,0.25,0.5,0.29999998,0.39999998,0.0,0.0,0,0,0.04,-0.03,-0.04,0.17,0.0,0,nan,nan,3,0,1,10,0
59732000,1763802085232000,401540341,1162593681,59289,59289,0.25,0.5,0.29999998,0.39999998,0.0,0.0,0,0,0.049999997,-0.04,0.0,0.14,0.0,0,nan,nan,3,0,1,10,0
59836000,1763802085333000,401540329,1162593690,59123,59123,0.25,0.5,0.29999998,0.39999998,0.0,0.0,0,0,0.089999996,-0.089999996,0.01,0.13,0.0,0,nan,nan,3,0,1,10,0
59884000,1763802085382000,401540328,1162593690,59119,59119,0.25,0.5,0.29999998,0.39999998,0.0,0.0,0,0,0.19,-0.17,-0.08,0.17,0.0,0,nan,nan,3,0,1,10,0
59929000,1763802085432000,401540327,1162593689,59115,59115,0.25,0.5,0.29999998,0.39999998,0.0,0.0,0,0,0.24,-0.22,-0.11,0.19,0.0,0,nan,nan,3,0,1,10,0
59984000,1763802085482000,401540327,1162593689,59112,59112,0.25,0.5,0.29999998,0.39999998,0.0,0.0,0,0,0.28,-0.25,-0.12,0.19999999,0.0,0,nan,nan,3,0,1,10,0
60081000,1763802085583000,401540323,1162593674,59436,59436,0.25,0.5,0.29999998,0.39999998,0.0,0.0,0,0,0.21,-0.21,-0.03,0.19,0.0,0,nan,nan,3,0,1,10,0
60132000,1763802085632000,401540322,1162593673,59433,59433,0.25,0.5,0.29999998,0.39999998,0.0,0.0,0,0,0.19999999,-0.19999999,0.0,0.17999999,0.0,0,nan,nan,3,0,1,10,0
60185000,1763802085682000,401540320,1162593673,59429,59429,0.25,0.5,0.29999998,0.39999998,0.0,0.0,0,0,0.19999999,-0.19999999,0.01,0.17999999,0.0,0,nan,nan,3,0,1,10,0
60232000,1763802085732000,401540319,1162593673,59426,59426,0.25,0.5,0.29999998,0.39999998,0.0,0.0,0,0,0.21,-0.21,0.02,0.17,0.0,0,nan,nan,3,0,1,10,0
60332000,1763802085832000,401540328,1162593688,59426,59426,0.25,0.5,0.29999998,0.39999998,0.0,0.0,0,0,0.34,-0.34,-0.03,0.04,0.0,0,nan,nan,3,0,1,10,0
60336000,1763802085833000,401540328,1162593688,59426,59426,0.25,0.5,0.29999998,0.39999998,0.0,0.0,0,0,0.34,-0.34,-0.03,0.04,0.0,0,nan,nan,3,0,1,10,0
60384000,1763802085882000,401540327,1162593688,59423,59423,0.25,0.5,0.29999998,0.39999998,0.0,0.0,0,0,0.35999998,-0.35999998,-0.03,0.02,0.0,0,nan,nan,3,0,1,10,0
60429000,1763802085932000,401540325,1162593688,59421,59421,0.25,0.5,0.29999998,0.39999998,0.0,0.0,0,0,0.37,-0.37,-0.03,0.01,0.0,0,nan,nan,3,0,1,10,0
60484000,1763802085982000,401540325,1162593668,59095,59095,0.25,0.5,0.29999998,0.39999998,0.0,0.0,0,0,0.34,-0.34,-0.01,-0.07,0.0,0,nan,nan,3,0,1,10,0
60581000,1763802086083000,401540322,1162593668,59090,59090,0.25,0.5,0.29999998,0.39999998,0.0,0.0,0,0,0.32,-0.32,0.0,-0.11,0.0,0,nan,nan,3,0,1,10,0
60632000,1763802086132000,401540321,1162593668,59088,59088,0.25,0.5,0.29999998,0.39999998,0.0,0.0,0,0,0.32,-0.32,0.0,-0.12,0.0,0,nan,nan,3,0,1,10,0
60685000,1763802086182000,401540313,1162593670,59379,59379,0.25,0.5,0.29999998,0.39999998,0.0,0.0,0,0,0.26999998,-0.26999998,-0.03,-0.01,0.0,0,nan,nan,3,0,1,10,0
60732000,1763802086232000,401540312,1162593670,59377,59377,0.25,0.5,0.29999998,0.39999998,0.0,0.0,0,0,0.25,-0.25,-0.03,0.03,0.0,0,nan,nan,3,0,1,10,0
60836000,1763802086333000,401540306,1162593666,59336,59336,0.25,0.5,0.29999998,0.39999998,0.0,0.0,0,0,0.22,-0.21,-0.04,0.049999997,0.0,0,nan,nan,3,0,1,10,0
60884000,1763802086382000,401540305,1162593666,59334,59334,0.25,0.5,0.29999998,0.39999998,0.0,0.0,0,0,0.21,-0.19999999,-0.07,0.089999996,0.0,0,nan,nan,3,0,1,10,0
60929000,1763802086432000,401540304,1162593666,59333,59333,0.25,0.5,0.29999998,0.39999998,0.0,0.0,0,0,0.19999999,-0.19,-0.08,0.11,0.0,0,nan,nan,3,0,1,10,0
60984000,1763802086482000,401540303,1162593666,59331,59331,0.25,0.5,0.29999998,0.39999998,0.0,0.0,0,0,0.19,-0.17,-0.08,0.11,0.0,0,nan,nan,3,0,1,10,0
61032000,1763802086532000,401540302,1162593666,59329,59329,0.25,0.5,0.29999998,0.39999998,0.0,0.0,0,0,0.17999999,-0.16,-0.08,0.11,0.0,0,nan,nan,3,0,1,10,0
61084000,1763802086582000,401540312,1162593665,59128,59128,0.25,0.5,0.29999998,0.39999998,0.0,0.0,0,0,0.12,-0.12,0.02,0.01,0.0,0,nan,nan,3,0,1,10,0
61132000,1763802086632000,401540311,1162593665,59127,59127,0.25,0.5,0.29999998,0.39999998,0.0,0.0,0,0,0.11,-0.089999996,0.06,-0.03,0.0,0,nan,nan,3,0,1,10,0
61184000,1763802086682000,401540311,1162593666,59126,59126,0.25,0.5,0.29999998,0.39999998,0.0,0.0,0,0,0.099999994,-0.07,0.07,-0.04,0.0,0,nan,nan,3,0,1,10,0
61232000,1763802086732000,401540310,1162593666,59125,59125,0.25,0.5,0.29999998,0.39999998,0.0,0.0,0,0,0.099999994,-0.049999997,0.08,-0.049999997,0.0,0,nan,nan,3,0,1,10,0
61284000,1763802086782000,401540299,1162593667,59064,59064,0.25,0.5,0.29999998,0.39999998,0.0,0.0,0,0,0.06,-0.049999997,-0.01,-0.08,0.0,0,nan,nan,3,0,1,10,0
61332000,1763802086832000,401540299,1162593667,59063,59063,0.25,0.5,0.29999998,0.39999998,0.0,0.0,0,0,0.07,-0.049999997,-0.04,-0.099999994,0.0,0,nan,nan,3,0,1,10,0
61384000,1763802086882000,401540298,1162593668,59063,59063,0.25,0.5,0.29999998,0.39999998,0.0,0.0,0,0,0.08,-0.049999997,-0.06,-0.099999994,0.0,0,nan,nan,3,0,1,10,0
61432000,1763802086932000,401540298,1162593668,59063,59063,0.25,0.5,0.29999998,0.39999998,0.0,0.0,0,0,0.08,-0.06,-0.06,-0.11,0.0,0,nan,nan,3,0,1,10,0
61484000,1763802086982000,401540300,1162593674,59069,59069,0.25,0.5,0.29999998,0.39999998,0.0,0.0,0,0,0.07,-0.07,-0.02,0.049999997,0.0,0,nan,nan,3,0,1,10,0
61532000,1763802087032000,401540300,1162593674,59069,59069,0.25,0.5,0.29999998,0.39999998,0.0,0.0,0,0,0.08,-0.07,-0.01,0.12,0.0,0,nan,nan,3,0,1,10,0
61584000,1763802087082000,401540299,1162593674,59069,59069,0.25,0.5,0.29999998,0.39999998,0.0,0.0,0,0,0.089999996,-0.089999996,0.0,0.14,0.0,0,nan,nan,3,0,1,10,0
61632000,1763802087132000,401540298,1162593674,59069,59069,0.25,0.5,0.29999998,0.39999998,0.0,0.0,0,0,0.099999994,-0.099999994,0.0,0.14999999,0.0,0,nan,nan,3,0,1,10,0
61684000,1763802087182000,401540300,1162593675,59306,59306,0.25,0.5,0.29999998,0.39999998,0.0,0.0,0,0,0.14999999,-0.14999999,0.0,0.14,0.0,0,nan,nan,3,0,1,10,0
61732000,1763802087232000,401540300,1162593675,59306,59306,0.25,0.5,0.29999998,0.39999998,0.0,0.0,0,0,0.17,-0.17,0.0,0.13,0.0,0,nan,nan,3,0,1,10,0
61784000,1763802087282000,401540299,1162593675,59305,59305,0.25,0.5,0.29999998,0.39999998,0.0,0.0,0,0,0.19,-0.19,0.0,0.13,0.0,0,nan,nan,3,0,1,10,0
61832000,1763802087332000,401540298,1162593675,59304,59304,0.25,0.5,0.29999998,0.39999998,0.0,0.0,0,0,0.19999999,-0.19999999,0.0,0.13,0.0,0,nan,nan,3,0,1,10,0
61884000,1763802087382000,401540284,1162593689,59294,59294,0.25,0.5,0.29999998,0.39999998,0.0,0.0,0,0,0.26,-0.25,0.049999997,0.06,0.0,0,nan,nan,3,0,1,10,0
61932000,1763802087432000,401540283,1162593689,59294,59294,0.25,0.5,0.29999998,0.39999998,0.0,0.0,0,0,0.28,-0.26999998,0.06,0.03,0.0,0,nan,nan,3,0,1,10,0
61984000,1763802087482000,401540282,1162593689,59294,59294,0.25,0.5,0.29999998,0.39999998,0.0,0.0,0,0,0.29,-0.28,0.07,0.02,0.0,0,nan,nan,3,0,1,10,0
62032000,1763802087532000,401540281,1162593690,59294,59294,0.25,0.5,0.29999998,0.39999998,0.0,0.0,0,0,0.28,-0.26999998,0.07,0.01,0.0,0,nan,nan,3,0,1,10,0
62084000,1763802087582000,401540299,1162593682,59142,59142,0.25,0.5,0.29999998,0.39999998,0.0,0.0,0,0,0.16,-0.16,0.0,-0.089999996,0.0,0,nan,nan,3,0,1,10,0
62132000,1763802087632000,401540298,1162593683,59142,59142,0.25,0.5,0.29999998,0.39999998,0.0,0.0,0,0,0.11,-0.11,-0.02,-0.12,0.0,0,nan,nan,3,0,1,10,0
62184000,1763802087682000,401540297,1162593683,59143,59143,0.25,0.5,0.29999998,0.39999998,0.0,0.0,0,0,0.08,-0.08,-0.03,-0.13,0.0,0,nan,nan,3,0,1,10,0
62232000,1763802087732000,401540296,1162593683,59143,59143,0.25,0.5,0.29999998,0.39999998,0.0,0.0,0,0,0.06,-0.049999997,-0.04,-0.14,0.0,0,nan,nan,3,0,1,10,0
62284000,1763802087782000,401540283,1162593682,59391,59391,0.25,0.5,0.29999998,0.39999998,0.0,0.0,0,0,0.089999996,-0.06,0.06,0.04,0.0,0,nan,nan,3,0,1,10,0
62332000,1763802087832000,401540283,1162593682,59391,59391,0.25,0.5,0.29999998,0.39999998,0.0,0.0,0,0,0.11,-0.049999997,0.089999996,0.11,0.0,0,nan,nan,3,0,1,10,0
62384000,1763802087882000,401540282,1162593682,59392,59392,0.25,0.5,0.29999998,0.39999998,0.0,0.0,0,0,0.11,-0.03,0.11,0.13,0.0,0,nan,nan,3,0,1,10,0
62432000,1763802087932000,401540282,1162593682,59392,59392,0.25,0.5,0.29999998,0.39999998,0.0,0.0,0,0,0.11,-0.01,0.11,0.14,0.0,0,nan,nan,3,0,1,10,0
62484000,1763802087982000,401540289,1162593684,59180,59180,0.25,0.5,0.29999998,0.39999998,0.0,0.0,0,0,0.07,-0.04,0.06,0.04,0.0,0,nan,nan,3,0,1,10,0
62532000,1763802088032000,401540288,1162593684,59181,59181,0.25,0.5,0.29999998,0.39999998,0.0,0.0,0,0,0.049999997,-0.04,0.04,0.0,0.0,0,nan,nan,3,0,1,10,0
62584000,1763802088082000,401540289,1162593684,59181,59181,0.25,0.5,0.29999998,0.39999998,0.0,0.0,0,0,0.04,-0.03,0.03,-0.02,0.0,0,nan,nan,3,0,1,10,0
62632000,1763802088132000,401540289,1162593684,59181,59181,0.25,0.5,0.29999998,0.39999998,0.0,0.0,0,0,0.03,-0.02,0.02,-0.03,0.0,0,nan,nan,3,0,1,10,0
62684000,1763802088182000,401540294,1162593685,59121,59121,0.25,0.5,0.29999998,0.39999998,0.0,0.0,0,0,0.049999997,0.02,0.049999997,-0.11,0.0,0,nan,nan,3,0,1,10,0
62732000,1763802088232000,401540294,1162593685,59121,59121,0.25,0.5,0.29999998,0.39999998,0.0,0.0,0,0,0.07,0.04,0.06,-0.14999999,0.0,0,nan,nan,3,0,1,10,0
62784000,1763802088282000,401540295,1162593685,59122,59122,0.25,0.5,0.29999998,0.39999998,0.0,0.0,0,0,0.07,0.04,0.06,-0.16,0.0,0,nan,nan,3,0,1,10,0
62832000,1763802088332000,401540295,1162593685,59123,59123,0.25,0.5,0.29999998,0.39999998,0.0,0.0,0,0,0.07,0.04,0.06,-0.17,0.0,0,nan,nan,3,0,1,10,0
62884000,1763802088382000,401540291,1162593678,58994,58994,0.25,0.5,0.29999998,0.39999998,0.0,0.0,0,0,0.07,0.07,0.0,0.01,0.0,0,nan,nan,3,0,1,10,0
62932000,1763802088432000,401540291,1162593678,58994,58994,0.25,0.5,0.29999998,0.39999998,0.0,0.0,0,0,0.07,0.07,-0.02,0.08,0.0,0,nan,nan,3,0,1,10,0
62984000,1763802088482000,401540291,1162593678,58995,58995,0.25,0.5,0.29999998,0.39999998,0.0,0.0,0,0,0.07,0.06,-0.03,0.11,0.0,0,nan,nan,3,0,1,10,0
63032000,1763802088532000,401540291,1162593678,58996,58996,0.25,0.5,0.29999998,0.39999998,0.0,0.0,0,0,0.06,0.049999997,-0.03,0.13,0.0,0,nan,nan,3,0,1,10,0
63084000,1763802088582000,401540289,1162593680,59243,59243,0.25,0.5,0.29999998,0.39999998,0.0,0.0,0,0,0.03,0.01,-0.02,0.13,0.0,0,nan,nan,3,0,1,10,0
63132000,1763802088632000,401540288,1162593680,59243,59243,0.25,0.5,0.29999998,0.39999998,0.0,0.0,0,0,0.03,-0.02,-0.02,0.13,0.0,0,nan,nan,3,0,1,10,0
63184000,1763802088682000,401540288,1162593680,59243,59243,0.25,0.5,0.29999998,0.39999998,0.0,0.0,0,0,0.04,-0.03,-0.02,0.14,0.0,0,nan,nan,3,0,1,10,0
63232000,1763802088732000,401540288,1162593680,59242,59242,0.25,0.5,0.29999998,0.39999998,0.0,0.0,0,0,0.04,-0.03,-0.02,0.14,0.0,0,nan,nan,3,0,1,10,0
63284000,1763802088782000,401540288,1162593692,59218,59218,0.25,0.5,0.29999998,0.39999998,0.0,0.0,0,0,0.03,-0.01,0.03,-0.01,0.0,0,nan,nan,3,0,1,10,0
63332000,1763802088832000,401540288,1162593692,59217,59217,0.25,0.5,0.29999998,0.39999998,0.0,0.0,0,0,0.049999997,0.01,0.049999997,-0.07,0.0,0,nan,nan,3,0,1,10,0
63384000,1763802088882000,401540288,1162593692,59217,59217,0.25,0.5,0.29999998,0.39999998,0.0,0.0,0,0,0.06,0.02,0.06,-0.089999996,0.0,0,nan,nan,3,0,1,10,0
63432000,1763802088932000,401540288,1162593692,59216,59216,0.25,0.5,0.29999998,0.39999998,0.0,0.0,0,0,0.07,0.03,0.06,-0.099999994,0.0,0,nan,nan,3,0,1,10,0
63484000,1763802088982000,401540277,1162593678,59358,59358,0.25,0.5,0.29999998,0.39999998,0.0,0.0,0,0,0.04,-0.01,0.04,0.03,0.0,0,nan,nan,3,0,1,10,0
63532000,1763802089032000,401540277,1162593678,59357,59357,0.25,0.5,0.29999998,0.39999998,0.0,0.0,0,0,0.04,-0.01,0.04,0.08,0.0,0,nan,nan,3,0,1,10,0
63584000,1763802089082000,401540277,1162593677,59356,59356,0.25,0.5,0.29999998,0.39999998,0.0,0.0,0,0,0.04,-0.01,0.03,0.099999994,0.0,0,nan,nan,3,0,1,10,0
63632000,1763802089132000,401540277,1162593677,59354,59354,0.25,0.5,0.29999998,0.39999998,0.0,0.0,0,0,0.03,-0.01,0.03,0.11,0.0,0,nan,nan,3,0,1,10,0
63684000,1763802089182000,401540296,1162593671,59189,59189,0.25,0.5,0.29999998,0.39999998,0.0,0.0,0,0,0.02,0.0,-0.02,0.13,0.0,0,nan,nan,3,0,1,10,0
63732000,1763802089232000,401540296,1162593671,59187,59187,0.25,0.5,0.29999998,0.39999998,0.0,0.0,0,0,0.04,0.0,-0.04,0.13,0.0,0,nan,nan,3,0,1,10,0
63784000,1763802089282000,401540296,1162593671,59185,59185,0.25,0.5,0.29999998,0.39999998,0.0,0.0,0,0,0.049999997,0.0,-0.049999997,0.14,0.0,0,nan,nan,3,0,1,10,0
63832000,1763802089332000,401540296,1162593671,59183,59183,0.25,0.5,0.29999998,0.39999998,0.0,0.0,0,0,0.06,0.01,-0.06,0.14,0.0,0,nan,nan,3,0,1,10,0
63884000,1763802089382000,401540280,1162593694,59407,59407,0.25,0.5,0.29999998,0.39999998,0.0,0.0,0,0,0.04,-0.02,0.03,0.16,0.0,0,nan,nan,3,0,1,10,0
63932000,1763802089432000,401540280,1162593694,59405,59405,0.25,0.5,0.29999998,0.39999998,0.0,0.0,0,0,0.07,-0.03,0.06,0.17,0.0,0,nan,nan,3,0,1,10,0
63984000,1763802089482000,401540280,1162593694,59403,59403,0.25,0.5,0.29999998,0.39999998,0.0,0.0,0,0,0.08,-0.03,0.07,0.17,0.0,0,nan,nan,3,0,1,10,0
64032000,1763802089532000,401540280,1162593694,59402,59402,0.25,0.5,0.29999998,0.39999998,0.0,0.0,0,0,0.089999996,-0.04,0.08,0.16,0.0,0,nan,nan,3,0,1,10,0
64084000,1763802089582000,401540296,1162593673,59257,59257,0.25,0.5,0.29999998,0.39999998,0.0,0.0,0,0,0.03,-0.03,0.01,0.12,0.0,0,nan,nan,3,0,1,10,0
64132000,1763802089632000,401540296,1162593673,59256,59256,0.25,0.5,0.29999998,0.39999998,0.0,0.0,0,0,0.04,-0.03,-0.02,0.11,0.0,0,nan,nan,3,0,1,10,0
64184000,1763802089682000,401540296,1162593673,59256,59256,0.25,0.5,0.29999998,0.39999998,0.0,0.0,0,0,0.04,-0.03,-0.03,0.089999996,0.0,0,nan,nan,3,0,1,10,0
64232000,1763802089732000,401540296,1162593673,59256,59256,0.25,0.5,0.29999998,0.39999998,0.0,0.0,0,0,0.049999997,-0.04,-0.03,0.089999996,0.0,0,nan,nan,3,0,1,10,0
64284000,1763802089782000,401540284,1162593689,59169,59169,0.25,0.5,0.29999998,0.39999998,0.0,0.0,0,0,0.07,-0.06,0.04,0.049999997,0.0,0,nan,nan,3,0,1,10,0
64332000,1763802089832000,401540285,1162593689,59170,59170,0.25,0.5,0.29999998,0.39999998,0.0,0.0,0,0,0.099999994,-0.07,0.07,0.04,0.0,0,nan,nan,3,0,1,10,0
64384000,1763802089882000,401540285,1162593689,59171,59171,0.25,0.5,0.29999998,0.39999998,0.0,0.0,0,0,0.11,-0.07,0.08,0.03,0.0,0,nan,nan,3,0,1,10,0
64432000,1763802089932000,401540285,1162593689,59172,59172,0.25,0.5,0.29999998,0.39999998,0.0,0.0,0,0,0.11,-0.07,0.08,0.02,0.0,0,nan,nan,3,0,1,10,0
64484000,1763802089982000,401540281,1162593685,59360,59360,0.25,0.5,0.29999998,0.39999998,0.0,0.0,0,0,0.04,0.04,0.0,-0.11,0.0,0,nan,nan,3,0,1,10,0
64532000,1763802090032000,401540281,1162593685,59362,59362,0.25,0.5,0.29999998,0.39999998,0.0,0.0,0,0,0.08,0.07,-0.03,-0.16,0.0,0,nan,nan,3,0,1,10,0
64584000,1763802090082000,401540281,1162593685,59364,59364,0.25,0.5,0.29999998,0.39999998,0.0,0.0,0,0,0.089999996,0.08,-0.04,-0.17999999,0.0,0,nan,nan,3,0,1,10,0
64632000,1763802090132000,401540281,1162593685,59366,59366,0.25,0.5,0.29999998,0.39999998,0.0,0.0,0,0,0.089999996,0.08,-0.049999997,-0.19,0.0,0,nan,nan,3,0,1,10,0
64684000,1763802090182000,401540292,1162593674,58978,58978,0.25,0.5,0.29999998,0.39999998,0.0,0.0,0,0,0.07,0.06,-0.01,-0.089999996,0.0,0,nan,nan,3,0,1,10,0
64732000,1763802090232000,401540292,1162593674,58980,58980,0.25,0.5,0.29999998,0.39999998,0.0,0.0,0,0,0.06,0.06,0.01,-0.049999997,0.0,0,nan,nan,3,0,1,10,0
64784000,1763802090282000,401540292,1162593674,58982,58982,0.25,0.5,0.29999998,0.39999998,0.0,0.0,0,0,0.049999997,0.049999997,0.01,-0.03,0.0,0,nan,nan,3,0,1,10,0
64832000,1763802090332000,401540292,1162593674,58984,58984,0.25,0.5,0.29999998,0.39999998,0.0,0.0,0,0,0.04,0.04,0.01,-0.02,0.0,0,nan,nan,3,0,1,10,0
64884000,1763802090382000,401540298,1162593676,59174,59174,0.25,0.5,0.29999998,0.39999998,0.0,0.0,0,0,0.06,-0.049999997,0.03,0.07,0.0,0,nan,nan,3,0,1,10,0
64932000,1763802090432000,401540298,1162593676,59175,59175,0.25,0.5,0.29999998,0.39999998,0.0,0.0,0,0,0.089999996,-0.08,0.04,0.11,0.0,0,nan,nan,3,0,1,10,0
64984000,1763802090482000,401540298,1162593676,59176,59176,0.25,0.5,0.29999998,0.39999998,0.0,0.0,0,0,0.099999994,-0.089999996,0.04,0.13,0.0,0,nan,nan,3,0,1,10,0
65032000,1763802090532000,401540297,1162593676,59177,59177,0.25,0.5,0.29999998,0.39999998,0.0,0.0,0,0,0.11,-0.099999994,0.04,0.13,0.0,0,nan,nan,3,0,1,10,0
65084000,1763802090582000,401540289,1162593688,59179,59179,0.25,0.5,0.29999998,0.39999998,0.0,0.0,0,0,0.06,-0.06,0.0,0.08,0.0,0,nan,nan,3,0,1,10,0
65132000,1763802090632000,401540289,1162593688,59180,59180,0.25,0.5,0.29999998,0.39999998,0.0,0.0,0,0,0.049999997,-0.04,-0.02,0.06,0.0,0,nan,nan,3,0,1,10,0
65184000,1763802090682000,401540289,1162593688,59180,59180,0.25,0.5,0.29999998,0.39999998,0.0,0.0,0,0,0.04,-0.03,-0.02,0.06,0.0,0,nan,nan,3,0,1,10,0
65232000,1763802090732000,401540289,1162593687,59181,59181,0.25,0.5,0.29999998,0.39999998,0.0,0.0,0,0,0.03,-0.03,-0.02,0.049999997,0.0,0,nan,nan,3,0,1,10,0
65284000,1763802090782000,401540284,1162593694,59005,59005,0.25,0.5,0.29999998,0.39999998,0.0,0.0,0,0,0.08,-0.08,-0.04,0.089999996,0.0,0,nan,nan,3,0,1,10,0
65332000,1763802090832000,401540284,1162593694,59005,59005,0.25,0.5,0.29999998,0.39999998,0.0,0.0,0,0,0.11,-0.099999994,-0.04,0.099999994,0.0,0,nan,nan,3,0,1,10,0
65384000,1763802090882000,401540283,1162593694,59006,59006,0.25,0.5,0.29999998,0.39999998,0.0,0.0,0,0,0.12,-0.11,-0.049999997,0.099999994,0.0,0,nan,nan,3,0,1,10,0
65432000,1763802090932000,401540283,1162593694,59007,59007,0.25,0.5,0.29999998,0.39999998,0.0,0.0,0,0,0.13,-0.12,-0.049999997,0.089999996,0.0,0,nan,nan,3,0,1,10,0
65484000,1763802090982000,401540295,1162593672,59060,59060,0.25,0.5,0.29999998,0.39999998,0.0,0.0,0,0,0.07,-0.06,0.04,0.01,0.0,0,nan,nan,3,0,1,10,0
65532000,1763802091032000,401540294,1162593672,59061,59061,0.25,0.5,0.29999998,0.39999998,0.0,0.0,0,0,0.08,-0.049999997,0.07,-0.03,0.0,0,nan,nan,3,0,1,10,0
65584000,1763802091082000,401540294,1162593671,59062,59062,0.25,0.5,0.29999998,0.39999998,0.0,0.0,0,0,0.089999996,-0.04,0.08,-0.04,0.0,0,nan,nan,3,0,1,10,0
65632000,1763802091132000,401540294,1162593671,59064,59064,0.25,0.5,0.29999998,0.39999998,0.0,0.0,0,0,0.089999996,-0.04,0.08,-0.049999997,0.0,0,nan,nan,3,0,1,10,0
65684000,1763802091182000,401540282,1162593676,59009,59009,0.25,0.5,0.29999998,0.39999998,0.0,0.0,0,0,0.06,-0.06,-0.02,-0.12,0.0,0,nan,nan,3,0,1,10,0
65732000,1763802091232000,401540282,1162593676,59011,59011,0.25,0.5,0.29999998,0.39999998,0.0,0.0,0,0,0.089999996,-0.07,-0.049999997,-0.14999999,0.0,0,nan,nan,3,0,1,10,0
65784000,1763802091282000,401540281,1162593676,59014,59014,0.25,0.5,0.29999998,0.39999998,0.0,0.0,0,0,0.099999994,-0.07,-0.07,-0.16,0.0,0,nan,nan,3,0,1,10,0
65832000,1763802091332000,401540281,1162593676,59016,59016,0.25,0.5,0.29999998,0.39999998,0.0,0.0,0,0,0.11,-0.08,-0.07,-0.17,0.0,0,nan,nan,3,0,1,10,0
65884000,1763802091382000,401540295,1162593673,59021,59021,0.25,0.5,0.29999998,0.39999998,0.0,0.0,0,0,0.099999994,-0.08,-0.06,0.02,0.0,0,nan,nan,3,0,1,10,0
65932000,1763802091432000,401540294,1162593673,59023,59023,0.25,0.5,0.29999998,0.39999998,0.0,0.0,0,0,0.099999994,-0.08,-0.049999997,0.089999996,0.0,0,nan,nan,3,0,1,10,0
65984000,1763802091482000,401540294,1162593673,59025,59025,0.25,0.5,0.29999998,0.39999998,0.0,0.0,0,0,0.099999994,-0.08,-0.049999997,0.11,0.0,0,nan,nan,3,0,1,10,0
66032000,1763802091532000,401540294,1162593673,59027,59027,0.25,0.5,0.29999998,0.39999998,0.0,0.0,0,0,0.099999994,-0.08,-0.049999997,0.13,0.0,0,nan,nan,3,0,1,10,0
66084000,1763802091582000,401540289,1162593673,59454,59454,0.25,0.5,0.29999998,0.39999998,0.0,0.0,0,0,0.04,-0.04,-0.01,-0.089999996,0.0,0,nan,nan,3,0,1,10,0
66132000,1763802091632000,401540289,1162593673,59455,59455,0.25,0.5,0.29999998,0.39999998,0.0,0.0,0,0,0.02,-0.02,0.0,-0.17,0.0,0,nan,nan,3,0,1,10,0
66184000,1763802091682000,401540288,1162593673,59456,59456,0.25,0.5,0.29999998,0.39999998,0.0,0.0,0,0,0.02,-0.01,0.01,-0.19,0.0,0,nan,nan,3,0,1,10,0
66232000,1763802091732000,401540288,1162593673,59457,59457,0.25,0.5,0.29999998,0.39999998,0.0,0.0,0,0,0.02,-0.01,0.01,-0.19999999,0.0,0,nan,nan,3,0,1,10,0
66284000,1763802091782000,401540284,1162593681,59344,59344,0.25,0.5,0.29999998,0.39999998,0.0,0.0,0,0,0.03,-0.03,-0.01,-0.03,0.0,0,nan,nan,3,0,1,10,0
66332000,1763802091832000,401540284,1162593681,59344,59344,0.25,0.5,0.29999998,0.39999998,0.0,0.0,0,0,0.04,-0.04,-0.02,0.04,0.0,0,nan,nan,3,0,1,10,0
66384000,1763802091882000,401540284,1162593681,59344,59344,0.25,0.5,0.29999998,0.39999998,0.0,0.0,0,0,0.049999997,-0.049999997,-0.02,0.07,0.0,0,nan,nan,3,0,1,10,0
66432000,1763802091932000,401540283,1162593681,59344,59344,0.25,0.5,0.29999998,0.39999998,0.0,0.0,0,0,0.06,-0.06,-0.02,0.08,0.0,0,nan,nan,3,0,1,10,0
66484000,1763802091982000,401540285,1162593676,59127,59127,0.25,0.5,0.29999998,0.39999998,0.0,0.0,0,0,0.04,-0.04,0.0,0.01,0.0,0,nan,nan,3,0,1,10,0
66532000,1763802092032000,401540285,1162593676,59125,59125,0.25,0.5,0.29999998,0.39999998,0.0,0.0,0,0,0.03,-0.03,0.01,-0.01,0.0,0,nan,nan,3,0,1,10,0
66584000,1763802092082000,401540284,1162593676,59124,59124,0.25,0.5,0.29999998,0.39999998,0.0,0.0,0,0,0.03,-0.02,0.02,-0.01,0.0,0,nan,nan,3,0,1,10,0
66632000,1763802092132000,401540284,1162593676,59122,59122,0.25,0.5,0.29999998,0.39999998,0.0,0.0,0,0,0.03,-0.02,0.02,-0.01,0.0,0,nan,nan,3,0,1,10,0
66684000,1763802092182000,401540289,1162593683,59360,59360,0.25,0.5,0.29999998,0.39999998,0.0,0.0,0,0,0.01,-0.01,0.0,-0.099999994,0.0,0,nan,nan,3,0,1,10,0
66732000,1763802092232000,401540288,1162593683,59357,59357,0.25,0.5,0.29999998,0.39999998,0.0,0.0,0,0,0.01,0.0,-0.01,-0.12,0.0,0,nan,nan,3,0,1,10,0
66784000,1763802092282000,401540288,1162593683,59355,59355,0.25,0.5,0.29999998,0.39999998,0.0,0.0,0,0,0.01,0.0,-0.01,-0.13,0.0,0,nan,nan,3,0,1,10,0
66832000,1763802092332000,401540287,1162593684,59352,59352,0.25,0.5,0.29999998,0.39999998,0.0,0.0,0,0,0.01,0.0,-0.01,-0.13,0.0,0,nan,nan,3,0,1,10,0
66884000,1763802092382000,401540285,1162593679,59232,59232,0.25,0.5,0.29999998,0.39999998,0.0,0.0,0,0,0.06,-0.01,0.06,0.0,0.0,0,nan,nan,3,0,1,10,0
66932000,1763802092432000,401540285,1162593679,59228,59228,0.25,0.5,0.29999998,0.39999998,0.0,0.0,0,0,0.089999996,-0.02,0.089999996,0.049999997,0.0,0,nan,nan,3,0,1,10,0
66984000,1763802092482000,401540284,1162593680,59225,59225,0.25,0.5,0.29999998,0.39999998,0.0,0.0,0,0,0.099999994,-0.02,0.099999994,0.07,0.0,0,nan,nan,3,0,1,10,0
67032000,1763802092532000,401540284,1162593680,59221,59221,0.25,0.5,0.29999998,0.39999998,0.0,0.0,0,0,0.099999994,-0.03,0.099999994,0.089999996,0.0,0,nan,nan,3,0,1,10,0
67084000,1763802092582000,401540279,1162593677,59116,59116,0.25,0.5,0.29999998,0.39999998,0.0,0.0,0,0,0.099999994,-0.089999996,0.049999997,0.21,0.0,0,nan,nan,3,0,1,10,0
67132000,1763802092632000,401540279,1162593677,59112,59112,0.25,0.5,0.29999998,0.39999998,0.0,0.0,0,0,0.12,-0.11,0.03,0.26,0.0,0,nan,nan,3,0,1,10,0
67184000,1763802092682000,401540278,1162593677,59107,59107,0.25,0.5,0.29999998,0.39999998,0.0,0.0,0,0,0.12,-0.12,0.02,0.28,0.0,0,nan,nan,3,0,1,10,0
67232000,1763802092732000,401540278,1162593678,59102,59102,0.25,0.5,0.29999998,0.39999998,0.0,0.0,0,0,0.13,-0.13,0.02,0.28,0.0,0,nan,nan,3,0,1,10,0
67284000,1763802092782000,401540277,1162593684,59377,59377,0.25,0.5,0.29999998,0.39999998,0.0,0.0,0,0,0.099999994,-0.089999996,-0.04,0.13,0.0,0,nan,nan,3,0,1,10,0
67332000,1763802092832000,401540277,1162593684,59372,59372,0.25,0.5,0.29999998,0.39999998,0.0,0.0,0,0,0.099999994,-0.08,-0.07,0.06,0.0,0,nan,nan,3,0,1,10,0
67384000,1763802092882000,401540276,1162593684,59368,59368,0.25,0.5,0.29999998,0.39999998,0.0,0.0,0,0,0.11,-0.07,-0.08,0.04,0.0,0,nan,nan,3,0,1,10,0
67432000,1763802092932000,401540276,1162593684,59364,59364,0.25,0.5,0.29999998,0.39999998,0.0,0.0,0,0,0.099999994,-0.06,-0.08,0.02,0.0,0,nan,nan,3,0,1,10,0
67484000,1763802092982000,401540272,1162593681,59336,59336,0.25,0.5,0.29999998,0.39999998,0.0,0.0,0,0,0.13,-0.13,-0.04,0.04,0.0,0,nan,nan,3,0,1,10,0
67532000,1763802093032000,401540272,1162593681,59333,59333,0.25,0.5,0.29999998,0.39999998,0.0,0.0,0,0,0.14999999,-0.14999999,-0.03,0.04,0.0,0,nan,nan,3,0,1,10,0
67584000,1763802093082000,401540271,1162593681,59330,59330,0.25,0.5,0.29999998,0.39999998,0.0,0.0,0,0,0.16,-0.16,-0.02,0.04,0.0,0,nan,nan,3,0,1,10,0
67632000,1763802093132000,401540271,1162593681,59327,59327,0.25,0.5,0.29999998,0.39999998,0.0,0.0,0,0,0.16,-0.16,-0.02,0.04,0.0,0,nan,nan,3,0,1,10,0
67684000,1763802093182000,401540267,1162593695,59293,59293,0.25,0.5,0.29999998,0.39999998,0.0,0.0,0,0,0.12,-0.099999994,0.049999997,-0.03,0.0,0,nan,nan,3,0,1,10,0
67732000,1763802093232000,401540267,1162593695,59291,59291,0.25,0.5,0.29999998,0.39999998,0.0,0.0,0,0,0.11,-0.08,0.08,-0.049999997,0.0,0,nan,nan,3,0,1,10,0
67784000,1763802093282000,401540266,1162593695,59288,59288,0.25,0.5,0.29999998,0.39999998,0.0,0.0,0,0,0.11,-0.06,0.089999996,-0.06,0.0,0,nan,nan,3,0,1,10,0
67832000,1763802093332000,401540266,1162593695,59286,59286,0.25,0.5,0.29999998,0.39999998,0.0,0.0,0,0,0.099999994,-0.049999997,0.089999996,-0.07,0.0,0,nan,nan,3,0,1,10,0
67884000,1763802093382000,401540267,1162593677,59381,59381,0.25,0.5,0.29999998,0.39999998,0.0,0.0,0,0,0.12,-0.08,0.08,-0.04,0.0,0,nan,nan,3,0,1,10,0
67932000,1763802093432000,401540266,1162593677,59379,59379,0.25,0.5,0.29999998,0.39999998,0.0,0.0,0,0,0.12,-0.089999996,0.08,-0.04,0.0,0,nan,nan,3,0,1,10,0
67984000,1763802093482000,401540266,1162593677,59377,59377,0.25,0.5,0.29999998,0.39999998,0.0,0.0,0,0,0.11,-0.08,0.08,-0.03,0.0,0,nan,nan,3,0,1,10,0
68032000,1763802093532000,401540266,1162593677,59375,59375,0.25,0.5,0.29999998,0.39999998,0.0,0.0,0,0,0.099999994,-0.07,0.08,-0.03,0.0,0,nan,nan,3,0,1,10,0
68084000,1763802093582000,401540274,1162593695,59275,59275,0.25,0.5,0.29999998,0.39999998,0.0,0.0,0,0,0.04,0.04,-0.02,0.11,0.0,0,nan,nan,3,0,1,10,0
68132000,1763802093632000,401540274,1162593695,59273,59273,0.25,0.5,0.29999998,0.39999998,0.0,0.0,0,0,0.11,0.099999994,-0.049999997,0.17,0.0,0,nan,nan,3,0,1,10,0
68184000,1763802093682000,401540274,1162593695,59270,59270,0.25,0.5,0.29999998,0.39999998,0.0,0.0,0,0,0.14999999,0.14,-0.07,0.19,0.0,0,nan,nan,3,0,1,10,0
68232000,1763802093732000,401540275,1162593695,59267,59267,0.25,0.5,0.29999998,0.39999998,0.0,0.0,0,0,0.17999999,0.17,-0.07,0.19999999,0.0,0,nan,nan,3,0,1,10,0
68284000,1763802093782000,401540264,1162593687,58923,58923,0.25,0.5,0.29999998,0.39999998,0.0,0.0,0,0,0.19999999,0.19999999,-0.04,0.06,0.0,0,nan,nan,3,0,1,10,0
68332000,1763802093832000,401540265,1162593687,58920,58920,0.25,0.5,0.29999998,0.39999998,0.0,0.0,0,0,0.22,0.22,-0.02,0.01,0.0,0,nan,nan,3,0,1,10,0
68384000,1763802093882000,401540265,1162593687,58917,58917,0.25,0.5,0.29999998,0.39999998,0.0,0.0,0,0,0.24,0.24,-0.02,-0.01,0.0,0,nan,nan,3,0,1,10,0
68432000,1763802093932000,401540266,1162593687,58914,58914,0.25,0.5,0.29999998,0.39999998,0.0,0.0,0,0,0.26,0.25,-0.02,-0.01,0.0,0,nan,nan,3,0,1,10,0
68484000,1763802093982000,401540281,1162593685,59036,59036,0.25,0.5,0.29999998,0.39999998,0.0,0.0,0,0,0.25,0.25,0.01,-0.01,0.0,0,nan,nan,3,0,1,10,0
68532000,1763802094032000,401540282,1162593685,59033,59033,0.25,0.5,0.29999998,0.39999998,0.0,0.0,0,0,0.25,0.25,0.02,-0.01,0.0,0,nan,nan,3,0,1,10,0
68584000,1763802094082000,401540283,1162593684,59030,59030,0.25,0.5,0.29999998,0.39999998,0.0,0.0,0,0,0.26,0.26,0.02,-0.01,0.0,0,nan,nan,3,0,1,10,0
68632000,1763802094132000,401540284,1162593684,59027,59027,0.25,0.5,0.29999998,0.39999998,0.0,0.0,0,0,0.26,0.25,0.02,-0.01,0.0,0,nan,nan,3,0,1,10,0
68684000,1763802094182000,401540285,1162593681,59269,59269,0.25,0.5,0.29999998,0.39999998,0.0,0.0,0,0,0.26999998,0.26,-0.049999997,0.12,0.0,0,nan,nan,3,0,1,10,0
68732000,1763802094232000,401540286,1162593680,59266,59266,0.25,0.5,0.29999998,0.39999998,0.0,0.0,0,0,0.26999998,0.26,-0.08,0.17,0.0,0,nan,nan,3,0,1,10,0
68784000,1763802094282000,401540286,1162593680,59263,59263,0.25,0.5,0.29999998,0.39999998,0.0,0.0,0,0,0.26999998,0.25,-0.089999996,0.19,0.0,0,nan,nan,3,0,1,10,0
68832000,1763802094332000,401540287,1162593680,59260,59260,0.25,0.5,0.29999998,0.39999998,0.0,0.0,0,0,0.26,0.25,-0.089999996,0.19,0.0,0,nan,nan,3,0,1,10,0
68884000,1763802094382000,401540281,1162593679,59142,59142,0.25,0.5,0.29999998,0.39999998,0.0,0.0,0,0,0.19999999,0.19,-0.07,0.22999999,0.0,0,nan,nan,3,0,1,10,0
68932000,1763802094432000,401540282,1162593679,59139,59139,0.25,0.5,0.29999998,0.39999998,0.0,0.0,0,0,0.17,0.16,-0.06,0.24,0.0,0,nan,nan,3,0,1,10,0
68984000,1763802094482000,401540282,1162593678,59137,59137,0.25,0.5,0.29999998,0.39999998,0.0,0.0,0,0,0.16,0.14999999,-0.06,0.24,0.0,0,nan,nan,3,0,1,10,0
69032000,1763802094532000,401540283,1162593678,59134,59134,0.25,0.5,0.29999998,0.39999998,0.0,0.0,0,0,0.14999999,0.14,-0.06,0.24,0.0,0,nan,nan,3,0,1,10,0
69084000,1763802094582000,401540287,1162593694,59171,59171,0.25,0.5,0.29999998,0.39999998,0.0,0.0,0,0,0.089999996,0.089999996,0.0,0.16,0.0,0,nan,nan,3,0,1,10,0
69132000,1763802094632000,401540288,1162593694,59169,59169,0.25,0.5,0.29999998,0.39999998,0.0,0.0,0,0,0.07,0.07,0.02,0.13,0.0,0,nan,nan,3,0,1,10,0
69184000,1763802094682000,401540288,1162593694,59168,59168,0.25,0.5,0.29999998,0.39999998,0.0,0.0,0,0,0.07,0.06,0.03,0.12,0.0,0,nan,nan,3,0,1,10,0
69232000,1763802094732000,401540289,1162593693,59167,59167,0.25,0.5,0.29999998,0.39999998,0.0,0.0,0,0,0.07,0.07,0.03,0.099999994,0.0,0,nan,nan,3,0,1,10,0
69284000,1763802094782000,401540288,1162593688,59270,59270,0.25,0.5,0.29999998,0.39999998,0.0,0.0,0,0,0.11,0.11,0.0,-0.02,0.0,0,nan,nan,3,0,1,10,0
69332000,1763802094832000,401540289,1162593688,59270,59270,0.25,0.5,0.29999998,0.39999998,0.0,0.0,0,0,0.14,0.14,0.0,-0.07,0.0,0,nan,nan,3,0,1,10,0
69384000,1763802094882000,401540290,1162593688,59271,59271,0.25,0.5,0.29999998,0.39999998,0.0,0.0,0,0,0.16,0.16,-0.01,-0.099999994,0.0,0,nan,nan,3,0,1,10,0
69432000,1763802094932000,401540291,1162593688,59272,59272,0.25,0.5,0.29999998,0.39999998,0.0,0.0,0,0,0.17,0.17,-0.01,-0.11,0.0,0,nan,nan,3,0,1,10,0
69484000,1763802094982000,401540293,1162593666,58903,58903,0.25,0.5,0.29999998,0.39999998,0.0,0.0,0,0,0.25,0.24,-0.06,-0.06,0.0,0,nan,nan,3,0,1,10,0
69532000,1763802095032000,401540294,1162593666,58905,58905,0.25,0.5,0.29999998,0.39999998,0.0,0.0,0,0,0.29,0.26999998,-0.08,-0.04,0.0,0,nan,nan,3,0,1,10,0
69584000,1763802095082000,401540295,1162593666,58907,58907,0.25,0.5,0.29999998,0.39999998,0.0,0.0,0,0,0.29999998,0.29,-0.089999996,-0.04,0.0,0,nan,nan,3,0,1,10,0
69632000,1763802095132000,401540296,1162593666,58909,58909,0.25,0.5,0.29999998,0.39999998,0.0,0.0,0,0,0.29999998,0.29,-0.089999996,-0.04,0.0,0,nan,nan,3,0,1,10,0
69684000,1763802095182000,401540291,1162593682,59134,59134,0.25,0.5,0.29999998,0.39999998,0.0,0.0,0,0,0.22999999,0.22,-0.049999997,0.07,0.0,0,nan,nan,3,0,1,10,0
69732000,1763802095232000,401540292,1162593682,59137,59137,0.25,0.5,0.29999998,0.39999998,0.0,0.0,0,0,0.19999999,0.19,-0.03,0.11,0.0,0,nan,nan,3,0,1,10,0
69784000,1763802095282000,401540293,1162593682,59140,59140,0.25,0.5,0.29999998,0.39999998,0.0,0.0,0,0,0.17999999,0.17999999,-0.03,0.13,0.0,0,nan,nan,3,0,1,10,0
69832000,1763802095332000,401540294,1162593682,59142,59142,0.25,0.5,0.29999998,0.39999998,0.0,0.0,0,0,0.17,0.17,-0.02,0.13,0.0,0,nan,nan,3,0,1,10,0
69884000,1763802095382000,401540301,1162593669,59277,59277,0.25,0.5,0.29999998,0.39999998,0.0,0.0,0,0,0.19,0.17999999,-0.07,-0.01,0.0,0,nan,nan,3,0,1,10,0
69932000,1763802095432000,401540301,1162593669,59280,59280,0.25,0.5,0.29999998,0.39999998,0.0,0.0,0,0,0.19999999,0.17999999,-0.089999996,-0.06,0.0,0,nan,nan,3,0,1,10,0
69984000,1763802095482000,401540302,1162593669,59283,59283,0.25,0.5,0.29999998,0.39999998,0.0,0.0,0,0,0.19999999,0.17,-0.089999996,-0.08,0.0,0,nan,nan,3,0,1,10,0
70032000,1763802095532000,401540303,1162593669,59287,59287,0.25,0.5,0.29999998,0.39999998,0.0,0.0,0,0,0.19,0.17,-0.089999996,-0.089999996,0.0,0,nan,nan,3,0,1,10,0
70084000,1763802095582000,401540303,1162593674,59295,59295,0.25,0.5,0.29999998,0.39999998,0.0,0.0,0,0,0.14,0.14,-0.02,-0.17999999,0.0,0,nan,nan,3,0,1,10,0
70132000,1763802095632000,401540304,1162593674,59298,59298,0.25,0.5,0.29999998,0.39999998,0.0,0.0,0,0,0.12,0.12,0.01,-0.21,0.0,0,nan,nan,3,0,1,10,0
70184000,1763802095682000,401540305,1162593674,59302,59302,0.25,0.5,0.29999998,0.39999998,0.0,0.0,0,0,0.12,0.11,0.02,-0.22999999,0.0,0,nan,nan,3,0,1,10,0
70232000,1763802095732000,401540305,1162593674,59305,59305,0.25,0.5,0.29999998,0.39999998,0.0,0.0,0,0,0.11,0.11,0.03,-0.22999999,0.0,0,nan,nan,3,0,1,10,0
70284000,1763802095782000,401540303,1162593682,59371,59371,0.25,0.5,0.29999998,0.39999998,0.0,0.0,0,0,0.11,0.099999994,-0.02,-0.13,0.0,0,nan,nan,3,0,1,10,0
70332000,1763802095832000,401540304,1162593682,59374,59374,0.25,0.5,0.29999998,0.39999998,0.0,0.0,0,0,0.11,0.099999994,-0.04,-0.089999996,0.0,0,nan,nan,3,0,1,10,0
70384000,1763802095882000,401540304,1162593682,59376,59376,0.25,0.5,0.29999998,0.39999998,0.0,0.0,0,0,0.11,0.099999994,-0.049999997,-0.07,0.0,0,nan,nan,3,0,1,10,0
70432000,1763802095932000,401540305,1162593682,59378,59378,0.25,0.5,0.29999998,0.39999998,0.0,0.0,0,0,0.11,0.099999994,-0.049999997,-0.06,0.0,0,nan,nan,3,0,1,10,0
70484000,1763802095982000,401540308,1162593690,59212,59212,0.25,0.5,0.29999998,0.39999998,0.0,0.0,0,0,0.19,0.17999999,-0.06,-0.11,0.0,0,nan,nan,3,0,1,10,0
70532000,1763802096032000,401540309,1162593690,59213,59213,0.25,0.5,0.29999998,0.39999998,0.0,0.0,0,0,0.22,0.22,-0.06,-0.12,0.0,0,nan,nan,3,0,1,10,0
70584000,1763802096082000,401540309,1162593690,59213,59213,0.25,0.5,0.29999998,0.39999998,0.0,0.0,0,0,0.24,0.22999999,-0.06,-0.12,0.0,0,nan,nan,3,0,1,10,0
70632000,1763802096132000,401540310,1162593690,59213,59213,0.25,0.5,0.29999998,0.39999998,0.0,0.0,0,0,0.25,0.24,-0.049999997,-0.11,0.0,0,nan,nan,3,0,1,10,0
70684000,1763802096182000,401540309,1162593673,59287,59287,0.25,0.5,0.29999998,0.39999998,0.0,0.0,0,0,0.24,0.22999999,0.06,-0.02,0.0,0,nan,nan,3,0,1,10,0
70732000,1763802096232000,401540310,1162593673,59286,59286,0.25,0.5,0.29999998,0.39999998,0.0,0.0,0,0,0.26,0.24,0.099999994,0.02,0.0,0,nan,nan,3,0,1,10,0
70784000,1763802096282000,401540311,1162593673,59284,59284,0.25,0.5,0.29999998,0.39999998,0.0,0.0,0,0,0.28,0.25,0.12,0.04,0.0,0,nan,nan,3,0,1,10,0
70832000,1763802096332000,401540312,1162593673,59282,59282,0.25,0.5,0.29999998,0.39999998,0.0,0.0,0,0,0.29,0.26999998,0.13,0.06,0.0,0,nan,nan,3,0,1,10,0
70884000,1763802096382000,401540306,1162593694,59337,59337,0.25,0.5,0.29999998,0.39999998,0.0,0.0,0,0,0.22,0.22,0.049999997,-0.03,0.0,0,nan,nan,3,0,1,10,0
70932000,1763802096432000,401540307,1162593694,59334,59334,0.25,0.5,0.29999998,0.39999998,0.0,0.0,0,0,0.21,0.21,0.02,-0.049999997,0.0,0,nan,nan,3,0,1,10,0
70984000,1763802096482000,401540308,1162593694,59330,59330,0.25,0.5,0.29999998,0.39999998,0.0,0.0,0,0,0.19999999,0.19999999,0.01,-0.06,0.0,0,nan,nan,3,0,1,10,0
71032000,1763802096532000,401540309,1162593695,59327,59327,0.25,0.5,0.29999998,0.39999998,0.0,0.0,0,0,0.19999999,0.19999999,0.01,-0.06,0.0,0,nan,nan,3,0,1,10,0
71084000,1763802096582000,401540304,1162593672,58910,58910,0.25,0.5,0.29999998,0.39999998,0.0,0.0,0,0,0.22,0.22,0.03,0.089999996,0.0,0,nan,nan,3,0,1,10,0
71132000,1763802096632000,401540305,1162593672,58906,58906,0.25,0.5,0.29999998,0.39999998,0.0,0.0,0,0,0.22999999,0.22,0.04,0.14,0.0,0,nan,nan,3,0,1,10,0
71184000,1763802096682000,401540307,1162593672,58902,58902,0.25,0.5,0.29999998,0.39999998,0.0,0.0,0,0,0.22999999,0.22,0.04,0.16,0.0,0,nan,nan,3,0,1,10,0
71232000,1763802096732000,401540308,1162593672,58898,58898,0.25,0.5,0.29999998,0.39999998,0.0,0.0,0,0,0.22,0.22,0.04,0.17,0.0,0,nan,nan,3,0,1,10,0
71284000,1763802096782000,401540318,1162593675,59338,59338,0.25,0.5,0.29999998,0.39999998,0.0,0.0,0,0,0.22999999,0.22999999,0.01,0.08,0.0,0,nan,nan,3,0,1,10,0
71332000,1763802096832000,401540319,1162593675,59334,59334,0.25,0.5,0.29999998,0.39999998,0.0,0.0,0,0,0.22,0.22,0.0,0.049999997,0.0,0,nan,nan,3,0,1,10,0
71384000,1763802096882000,401540320,1162593676,59330,59330,0.25,0.5,0.29999998,0.39999998,0.0,0.0,0,0,0.21,0.21,0.0,0.03,0.0,0,nan,nan,3,0,1,10,0
71432000,1763802096932000,401540321,1162593676,59326,59326,0.25,0.5,0.29999998,0.39999998,0.0,0.0,0,0,0.19999999,0.19999999,-0.01,0.02,0.0,0,nan,nan,3,0,1,10,0
71484000,1763802096982000,401540311,1162593689,59092,59092,0.25,0.5,0.29999998,0.39999998,0.0,0.0,0,0,0.19,0.17999999,0.07,0.16,0.0,0,nan,nan,3,0,1,10,0
71532000,1763802097032000,401540312,1162593689,59088,59088,0.25,0.5,0.29999998,0.39999998,0.0,0.0,0,0,0.19,0.16,0.099999994,0.21,0.0,0,nan,nan,3,0,1,10,0
71584000,1763802097082000,401540313,1162593690,59085,59085,0.25,0.5,0.29999998,0.39999998,0.0,0.0,0,0,0.17999999,0.14999999,0.11,0.22,0.0,0,nan,nan,3,0,1,10,0
71632000,1763802097132000,401540313,1162593690,59081,59081,0.25,0.5,0.29999998,0.39999998,0.0,0.0,0,0,0.17,0.13,0.11,0.22999999,0.0,0,nan,nan,3,0,1,10,0
71684000,1763802097182000,401540334,1162593693,58853,58853,0.25,0.5,0.29999998,0.39999998,0.0,0.0,0,0,0.12,0.11,0.049999997,0.06,0.0,0,nan,nan,3,0,1,10,0
71732000,1763802097232000,401540335,1162593694,58850,58850,0.25,0.5,0.29999998,0.39999998,0.0,0.0,0,0,0.089999996,0.089999996,0.02,-0.01,0.0,0,nan,nan,3,0,1,10,0
71784000,1763802097282000,401540335,1162593694,58847,58847,0.25,0.5,0.29999998,0.39999998,0.0,0.0,0,0,0.07,0.07,0.01,-0.04,0.0,0,nan,nan,3,0,1,10,0
71832000,1763802097332000,401540335,1162593694,58845,58845,0.25,0.5,0.29999998,0.39999998,0.0,0.0,0,0,0.06,0.06,0.01,-0.049999997,0.0,0,nan,nan,3,0,1,10,0
71884000,1763802097382000,401540324,1162593679,59013,59013,0.25,0.5,0.29999998,0.39999998,0.0,0.0,0,0,0.01,0.01,0.0,-0.049999997,0.0,0,nan,nan,3,0,1,10,0
71932000,1763802097432000,401540324,1162593680,59011,59011,0.25,0.5,0.29999998,0.39999998,0.0,0.0,0,0,0.02,-0.02,0.0,-0.049999997,0.0,0,nan,nan,3,0,1,10,0
71984000,1763802097482000,401540325,1162593680,59010,59010,0.25,0.5,0.29999998,0.39999998,0.0,0.0,0,0,0.04,-0.04,-0.01,-0.049999997,0.0,0,nan,nan,3,0,1,10,0
72032000,1763802097532000,401540325,1162593680,59008,59008,0.25,0.5,0.29999998,0.39999998,0.0,0.0,0,0,0.06,-0.06,-0.01,-0.06,0.0,0,nan,nan,3,0,1,10,0
72084000,1763802097582000,401540321,1162593681,59170,59170,0.25,0.5,0.29999998,0.39999998,0.0,0.0,0,0,0.12,-0.11,-0.04,0.02,0.0,0,nan,nan,3,0,1,10,0
72132000,1763802097632000,401540321,1162593681,59169,59169,0.25,0.5,0.29999998,0.39999998,0.0,0.0,0,0,0.14999999,-0.14,-0.06,0.06,0.0,0,nan,nan,3,0,1,10,0
72184000,1763802097682000,401540320,1162593681,59168,59168,0.25,0.5,0.29999998,0.39999998,0.0,0.0,0,0,0.17,-0.16,-0.07,0.08,0.0,0,nan,nan,3,0,1,10,0
72232000,1763802097732000,401540320,1162593681,59165,59165,0.25,0.5,0.29999998,0.39999998,0.0,0.0,0,0,0.17999999,-0.17,-0.07,0.11,0.0,0,nan,nan,3,0,1,10,0
72284000,1763802097782000,401540315,1162593698,59116,59116,0.25,0.5,0.29999998,0.39999998,0.0,0.0,0,0,0.13,-0.13,0.01,0.08,0.0,0,nan,nan,3,0,1,10,0
72332000,1763802097832000,401540315,1162593699,59110,59110,0.25,0.5,0.29999998,0.39999998,0.0,0.0,0,0,0.12,-0.11,0.04,0.11,0.0,0,nan,nan,3,0,1,10,0
72384000,1763802097882000,401540314,1162593699,59102,59102,0.25,0.5,0.29999998,0.39999998,0.0,0.0,0,0,0.12,-0.11,0.049999997,0.16,0.0,0,nan,nan,3,0,1,10,0
72432000,1763802097932000,401540314,1162593699,59091,59091,0.25,0.5,0.29999998,0.39999998,0.0,0.0,0,0,0.12,-0.11,0.049999997,0.22,0.0,0,nan,nan,3,0,1,10,0
72484000,1763802097982000,401540312,1162593700,59170,59170,0.25,0.5,0.29999998,0.39999998,0.0,0.0,0,0,0.16,-0.16,-0.03,0.32,0.0,0,nan,nan,3,0,1,10,0
72532000,1763802098032000,401540312,1162593700,59151,59151,0.25,0.5,0.29999998,0.39999998,0.0,0.0,0,0,0.19,-0.17999999,-0.06,0.41,0.0,0,nan,nan,3,0,1,10,0
72584000,1763802098082000,401540311,1162593701,59129,59129,0.25,0.5,0.29999998,0.39999998,0.0,0.0,0,0,0.19999999,-0.19,-0.07,0.48999998,0.0,0,nan,nan,3,0,1,10,0
72632000,1763802098132000,401540311,1162593701,59102,59102,0.25,0.5,0.29999998,0.39999998,0.0,0.0,0,0,0.21,-0.19,-0.08,0.56,0.0,0,nan,nan,3,0,1,10,0
72684000,1763802098182000,401540316,1162593686,59100,59100,0.25,0.5,0.29999998,0.39999998,0.0,0.0,0,0,0.16,-0.14,-0.07,0.65999997,0.0,0,nan,nan,3,0,1,10,0
72732000,1763802098232000,401540315,1162593686,59069,59069,0.25,0.5,0.29999998,0.39999998,0.0,0.0,0,0,0.14,-0.12,-0.07,0.71999997,0.0,0,nan,nan,3,0,1,10,0
72784000,1763802098282000,401540315,1162593686,59035,59035,0.25,0.5,0.29999998,0.39999998,0.0,0.0,0,0,0.14,-0.12,-0.07,0.75,0.0,0,nan,nan,3,0,1,10,0
72832000,1763802098332000,401540314,1162593686,59001,59001,0.25,0.5,0.29999998,0.39999998,0.0,0.0,0,0,0.14,-0.11,-0.08,0.77,0.0,0,nan,nan,3,0,1,10,0
72884000,1763802098382000,401540322,1162593697,58614,58614,0.25,0.5,0.29999998,0.39999998,0.0,0.0,0,0,0.14,-0.11,-0.08,0.76,0.0,0,nan,nan,3,0,1,10,0
72932000,1763802098432000,401540322,1162593697,58580,58580,0.25,0.5,0.29999998,0.39999998,0.0,0.0,0,0,0.13,-0.11,-0.08,0.75,0.0,0,nan,nan,3,0,1,10,0
72984000,1763802098482000,401540321,1162593697,58546,58546,0.25,0.5,0.29999998,0.39999998,0.0,0.0,0,0,0.13,-0.099999994,-0.08,0.72999996,0.0,0,nan,nan,3,0,1,10,0
73032000,1763802098532000,401540321,1162593697,58512,58512,0.25,0.5,0.29999998,0.39999998,0.0,0.0,0,0,0.13,-0.099999994,-0.08,0.71,0.0,0,nan,nan,3,0,1,10,0
73084000,1763802098582000,401540316,1162593682,58457,58457,0.25,0.5,0.29999998,0.39999998,0.0,0.0,0,0,0.03,-0.03,0.01,0.55,0.0,0,nan,nan,3,0,1,10,0
73132000,1763802098632000,401540316,1162593682,58425,58425,0.25,0.5,0.29999998,0.39999998,0.0,0.0,0,0,0.04,0.0,0.04,0.48999998,0.0,0,nan,nan,3,0,1,10,0
73184000,1763802098682000,401540316,1162593682,58394,58394,0.25,0.5,0.29999998,0.39999998,0.0,0.0,0,0,0.06,0.02,0.049999997,0.47,0.0,0,nan,nan,3,0,1,10,0
73232000,1763802098732000,401540315,1162593682,58363,58363,0.25,0.5,0.29999998,0.39999998,0.0,0.0,0,0,0.07,0.04,0.06,0.45,0.0,0,nan,nan,3,0,1,10,0
73284000,1763802098782000,401540321,1162593687,58529,58529,0.25,0.5,0.29999998,0.39999998,0.0,0.0,0,0,0.07,0.07,-0.03,0.61,0.0,0,nan,nan,3,0,1,10,0
73332000,1763802098832000,401540321,1162593687,58498,58498,0.25,0.5,0.29999998,0.39999998,0.0,0.0,0,0,0.11,0.089999996,-0.06,0.65999997,0.0,0,nan,nan,3,0,1,10,0
73384000,1763802098882000,401540321,1162593687,58468,58468,0.25,0.5,0.29999998,0.39999998,0.0,0.0,0,0,0.13,0.11,-0.07,0.68,0.0,0,nan,nan,3,0,1,10,0
73432000,1763802098932000,401540321,1162593687,58437,58437,0.25,0.5,0.29999998,0.39999998,0.0,0.0,0,0,0.14999999,0.13,-0.07,0.69,0.0,0,nan,nan,3,0,1,10,0
73484000,1763802098982000,401540316,1162593684,58483,58483,0.25,0.5,0.29999998,0.39999998,0.0,0.0,0,0,0.089999996,0.06,-0.06,0.59999996,0.0,0,nan,nan,3,0,1,10,0
73532000,1763802099032000,401540317,1162593684,58452,58452,0.25,0.5,0.29999998,0.39999998,0.0,0.0,0,0,0.07,0.04,-0.06,0.56,0.0,0,nan,nan,3,0,1,10,0
73584000,1763802099082000,401540317,1162593684,58421,58421,0.25,0.5,0.29999998,0.39999998,0.0,0.0,0,0,0.07,0.049999997,-0.06,0.56,0.0,0,nan,nan,3,0,1,10,0
73632000,1763802099132000,401540317,1162593684,58390,58390,0.25,0.5,0.29999998,0.39999998,0.0,0.0,0,0,0.08,0.06,-0.06,0.56,0.0,0,nan,nan,3,0,1,10,0
73684000,1763802099182000,401540316,1162593702,58440,58440,0.25,0.5,0.29999998,0.39999998,0.0,0.0,0,0,0.049999997,0.049999997,0.01,0.64,0.0,0,nan,nan,3,0,1,10,0
73732000,1763802099232000,401540316,1162593702,58407,58407,0.25,0.5,0.29999998,0.39999998,0.0,0.0,0,0,0.06,0.049999997,0.03,0.68,0.0,0,nan,nan,3,0,1,10,0
73784000,1763802099282000,401540317,1162593702,58375,58375,0.25,0.5,0.29999998,0.39999998,0.0,0.0,0,0,0.06,0.049999997,0.04,0.7,0.0,0,nan,nan,3,0,1,10,0
73832000,1763802099332000,401540317,1162593703,58342,58342,0.25,0.5,0.29999998,0.39999998,0.0,0.0,0,0,0.06,0.049999997,0.04,0.71,0.0,0,nan,nan,3,0,1,10,0
73884000,1763802099382000,401540314,1162593699,57952,57952,0.25,0.5,0.29999998,0.39999998,0.0,0.0,0,0,0.11,0.089999996,0.049999997,0.62,0.0,0,nan,nan,3,0,1,10,0
73932000,1763802099432000,401540315,1162593699,57918,57918,0.25,0.5,0.29999998,0.39999998,0.0,0.0,0,0,0.12,0.11,0.049999997,0.59,0.0,0,nan,nan,3,0,1,10,0
73984000,1763802099482000,401540315,1162593699,57884,57884,0.25,0.5,0.29999998,0.39999998,0.0,0.0,0,0,0.12,0.11,0.049999997,0.58,0.0,0,nan,nan,3,0,1,10,0
74032000,1763802099532000,401540316,1162593699,57872,57872,0.25,0.5,0.29999998,0.39999998,0.0,0.0,0,0,0.04,0.01,0.04,-0.049999997,0.0,0,nan,nan,3,0,1,10,0
74084000,1763802099582000,401540317,1162593685,58291,58291,0.25,0.5,0.29999998,0.39999998,0.0,0.0,0,0,0.08,-0.049999997,0.07,-0.13,0.0,0,nan,nan,3,0,1,10,0
74132000,1763802099632000,401540317,1162593685,58294,58294,0.25,0.5,0.29999998,0.39999998,0.0,0.0,0,0,0.11,-0.07,0.08,-0.02,0.0,0,nan,nan,3,0,1,10,0
74184000,1763802099682000,401540317,1162593685,58294,58294,0.25,0.5,0.29999998,0.39999998,0.0,0.0,0,0,0.11,-0.08,0.08,0.22,0.0,0,nan,nan,3,0,1,10,0
74232000,1763802099732000,401540317,1162593685,58291,58291,0.25,0.5,0.29999998,0.39999998,0.0,0.0,0,0,0.12,-0.089999996,0.08,0.06,0.0,0,nan,nan,3,0,1,10,0
74284000,1763802099782000,401540321,1162593683,58134,58134,0.25,0.5,0.29999998,0.39999998,0.0,0.0,0,0,0.089999996,-0.089999996,0.0,0.099999994,0.0,0,nan,nan,3,0,1,10,0
74332000,1763802099832000,401540321,1162593683,58132,58132,0.25,0.5,0.29999998,0.39999998,0.0,0.0,0,0,0.089999996,-0.089999996,-0.03,-0.01,0.0,0,nan,nan,3,0,1,10,0
74384000,1763802099882000,401540321,1162593683,58132,58132,0.25,0.5,0.29999998,0.39999998,0.0,0.0,0,0,0.099999994,-0.089999996,-0.04,0.11,0.0,0,nan,nan,3,0,1,10,0
74432000,1763802099932000,401540321,1162593683,58133,58133,0.25,0.5,0.29999998,0.39999998,0.0,0.0,0,0,0.099999994,-0.089999996,-0.049999997,0.099999994,0.0,0,nan,nan,3,0,1,10,0
74484000,1763802099982000,401540327,1162593691,58240,58240,0.25,0.5,0.29999998,0.39999998,0.0,0.0,0,0,0.049999997,-0.049999997,0.0,0.06,0.0,0,nan,nan,3,0,1,10,0
74532000,1763802100032000,401540327,1162593691,58240,58240,0.25,0.5,0.29999998,0.39999998,0.0,0.0,0,0,0.04,-0.03,0.02,0.12,0.0,0,nan,nan,3,0,1,10,0
74584000,1763802100082000,401540327,1162593691,58240,58240,0.25,0.5,0.29999998,0.39999998,0.0,0.0,0,0,0.04,-0.03,0.03,0.14999999,0.0,0,nan,nan,3,0,1,10,0
74632000,1763802100132000,401540327,1162593691,58240,58240,0.25,0.5,0.29999998,0.39999998,0.0,0.0,0,0,0.04,-0.02,0.03,0.14,0.0,0,nan,nan,3,0,1,10,0
74684000,1763802100182000,401540316,1162593682,58035,58035,0.25,0.5,0.29999998,0.39999998,0.0,0.0,0,0,0.06,0.049999997,-0.049999997,0.089999996,0.0,0,nan,nan,3,0,1,10,0
74732000,1763802100232000,401540316,1162593682,58035,58035,0.25,0.5,0.29999998,0.39999998,0.0,0.0,0,0,0.099999994,0.07,-0.07,0.049999997,0.0,0,nan,nan,3,0,1,10,0
74784000,1763802100282000,401540316,1162593682,58035,58035,0.25,0.5,0.29999998,0.39999998,0.0,0.0,0,0,0.12,0.08,-0.08,0.04,0.0,0,nan,nan,3,0,1,10,0
74832000,1763802100332000,401540316,1162593682,58035,58035,0.25,0.5,0.29999998,0.39999998,0.0,0.0,0,0,0.12,0.08,-0.089999996,0.02,0.0,0,nan,nan,3,0,1,10,0
74884000,1763802100382000,401540317,1162593679,58300,58300,0.25,0.5,0.29999998,0.39999998,0.0,0.0,0,0,0.06,0.06,-0.01,0.06,0.0,0,nan,nan,3,0,1,10,0
74932000,1763802100432000,401540317,1162593679,58300,58300,0.25,0.5,0.29999998,0.39999998,0.0,0.0,0,0,0.06,0.049999997,0.02,0.12,0.0,0,nan,nan,3,0,1,10,0
74984000,1763802100482000,401540317,1162593679,58300,58300,0.25,0.5,0.29999998,0.39999998,0.0,0.0,0,0,0.06,0.049999997,0.03,0.089999996,0.0,0,nan,nan,3,0,1,10,0
75032000,1763802100532000,401540317,1162593679,58300,58300,0.25,0.5,0.29999998,0.39999998,0.0,0.0,0,0,0.06,0.049999997,0.04,0.07,0.0,0,nan,nan,3,0,1,10,0
75084000,1763802100582000,401540324,1162593692,58206,58206,0.25,0.5,0.29999998,0.39999998,0.0,0.0,0,0,0.07,0.03,0.06,0.14,0.0,0,nan,nan,3,0,1,10,0
75132000,1763802100632000,401540324,1162593692,58206,58206,0.25,0.5,0.29999998,0.39999998,0.0,0.0,0,0,0.08,0.02,0.07,0.14999999,0.0,0,nan,nan,3,0,1,10,0
75184000,1763802100682000,401540324,1162593692,58206,58206,0.25,0.5,0.29999998,0.39999998,0.0,0.0,0,0,0.08,0.02,0.08,0.14,0.0,0,nan,nan,3,0,1,10,0
75232000,1763802100732000,401540324,1162593692,58206,58206,0.25,0.5,0.29999998,0.39999998,0.0,0.0,0,0,0.08,0.02,0.08,0.14,0.0,0,nan,nan,3,0,1,10,0
75284000,1763802100782000,401540331,1162593699,58194,58194,0.25,0.5,0.29999998,0.39999998,0.0,0.0,0,0,0.049999997,-0.049999997,0.01,0.02,0.0,0,nan,nan,3,0,1,10,0
75332000,1763802100832000,401540331,1162593699,58194,58194,0.25,0.5,0.29999998,0.39999998,0.0,0.0,0,0,0.07,-0.07,-0.01,-0.03,0.0,0,nan,nan,3,0,1,10,0
75384000,1763802100882000,401540331,1162593699,58194,58194,0.25,0.5,0.29999998,0.39999998,0.0,0.0,0,0,0.08,-0.08,-0.02,-0.04,0.0,0,nan,nan,3,0,1,10,0
75432000,1763802100932000,401540331,1162593699,58194,58194,0.25,0.5,0.29999998,0.39999998,0.0,0.0,0,0,0.089999996,-0.089999996,-0.02,-0.049999997,0.0,0,nan,nan,3,0,1,10,0
75484000,1763802100982000,401540324,1162593684,58206,58206,0.25,0.5,0.29999998,0.39999998,0.0,0.0,0,0,0.08,-0.04,-0.06,-0.07,0.0,0,nan,nan,3,0,1,10,0
75532000,1763802101032000,401540324,1162593684,58206,58206,0.25,0.5,0.29999998,0.39999998,0.0,0.0,0,0,0.08,-0.03,-0.08,-0.07,0.0,0,nan,nan,3,0,1,10,0
75584000,1763802101082000,401540324,1162593684,58206,58206,0.25,0.5,0.29999998,0.39999998,0.0,0.0,0,0,0.089999996,-0.02,-0.08,-0.08,0.0,0,nan,nan,3,0,1,10,0
75632000,1763802101132000,401540324,1162593684,58206,58206,0.25,0.5,0.29999998,0.39999998,0.0,0.0,0,0,0.089999996,-0.02,-0.08,-0.08,0.0,0,nan,nan,3,0,1,10,0
75684000,1763802101182000,401540328,1162593694,58261,58261,0.25,0.5,0.29999998,0.39999998,0.0,0.0,0,0,0.06,0.049999997,-0.03,-0.099999994,0.0,0,nan,nan,3,0,1,10,0
75732000,1763802101232000,401540328,1162593694,58261,58261,0.25,0.5,0.29999998,0.39999998,0.0,0.0,0,0,0.08,0.08,-0.01,-0.11,0.0,0,nan,nan,3,0,1,10,0
75784000,1763802101282000,401540328,1162593694,58261,58261,0.25,0.5,0.29999998,0.39999998,0.0,0.0,0,0,0.089999996,0.089999996,-0.01,-0.11,0.0,0,nan,nan,3,0,1,10,0
75832000,1763802101332000,401540328,1162593694,58261,58261,0.25,0.5,0.29999998,0.39999998,0.0,0.0,0,0,0.099999994,0.099999994,0.0,-0.11,0.0,0,nan,nan,3,0,1,10,0
75884000,1763802101382000,401540312,1162593702,58016,58016,0.25,0.5,0.29999998,0.39999998,0.0,0.0,0,0,0.01,0.0,0.01,-0.16,0.0,0,nan,nan,3,0,1,10,0
75932000,1763802101432000,401540312,1162593702,58016,58016,0.25,0.5,0.29999998,0.39999998,0.0,0.0,0,0,0.04,-0.04,0.01,-0.17999999,0.0,0,nan,nan,3,0,1,10,0
75984000,1763802101482000,401540312,1162593702,58016,58016,0.25,0.5,0.29999998,0.39999998,0.0,0.0,0,0,0.049999997,-0.049999997,0.01,-0.17999999,0.0,0,nan,nan,3,0,1,10,0
76032000,1763802101532000,401540312,1162593702,58016,58016,0.25,0.5,0.29999998,0.39999998,0.0,0.0,0,0,0.06,-0.06,0.01,-0.17999999,0.0,0,nan,nan,3,0,1,10,0
76084000,1763802101582000,401540330,1162593693,57838,57838,0.25,0.5,0.29999998,0.39999998,0.0,0.0,0,0,0.06,0.02,0.06,-0.11,0.0,0,nan,nan,3,0,1,10,0
76132000,1763802101632000,401540330,1162593693,57838,57838,0.25,0.5,0.29999998,0.39999998,0.0,0.0,0,0,0.089999996,0.049999997,0.07,-0.08,0.0,0,nan,nan,3,0,1,10,0
76184000,1763802101682000,401540330,1162593693,57838,57838,0.25,0.5,0.29999998,0.39999998,0.0,0.0,0,0,0.099999994,0.06,0.08,-0.07,0.0,0,nan,nan,3,0,1,10,0
76232000,1763802101732000,401540330,1162593693,57838,57838,0.25,0.5,0.29999998,0.39999998,0.0,0.0,0,0,0.11,0.07,0.08,-0.07,0.0,0,nan,nan,3,0,1,10,0
76284000,1763802101782000,401540321,1162593700,57962,57962,0.25,0.5,0.29999998,0.39999998,0.0,0.0,0,0,0.049999997,0.03,0.04,-0.02,0.0,0,nan,nan,3,0,1,10,0
76332000,1763802101832000,401540321,1162593700,57962,57962,0.25,0.5,0.29999998,0.39999998,0.0,0.0,0,0,0.03,0.02,0.02,0.0,0.0,0,nan,nan,3,0,1,10,0
76384000,1763802101882000,401540321,1162593700,57962,57962,0.25,0.5,0.29999998,0.39999998,0.0,0.0,0,0,0.02,0.01,0.02,0.01,0.0,0,nan,nan,3,0,1,10,0
76432000,1763802101932000,401540321,1162593700,57962,57962,0.25,0.5,0.29999998,0.39999998,0.0,0.0,0,0,0.02,0.01,0.01,0.01,0.0,0,nan,nan,3,0,1,10,0
76484000,1763802101982000,401540323,1162593697,58289,58289,0.25,0.5,0.29999998,0.39999998,0.0,0.0,0,0,0.08,0.06,0.049999997,-0.02,0.0,0,nan,nan,3,0,1,10,0
76532000,1763802102032000,401540323,1162593697,58289,58289,0.25,0.5,0.29999998,0.39999998,0.0,0.0,0,0,0.099999994,0.08,0.06,-0.03,0.0,0,nan,nan,3,0,1,10,0
76584000,1763802102082000,401540323,1162593697,58289,58289,0.25,0.5,0.29999998,0.39999998,0.0,0.0,0,0,0.11,0.089999996,0.07,-0.03,0.0,0,nan,nan,3,0,1,10,0
76632000,1763802102132000,401540323,1162593697,58289,58289,0.25,0.5,0.29999998,0.39999998,0.0,0.0,0,0,0.11,0.089999996,0.07,-0.04,0.0,0,nan,nan,3,0,1,10,0
76684000,1763802102182000,401540331,1162593684,58209,58209,0.25,0.5,0.29999998,0.39999998,0.0,0.0,0,0,0.02,-0.02,-0.02,-0.089999996,0.0,0,nan,nan,3,0,1,10,0
76732000,1763802102232000,401540331,1162593684,58209,58209,0.25,0.5,0.29999998,0.39999998,0.0,0.0,0,0,0.07,-0.06,-0.049999997,-0.11,0.0,0,nan,nan,3,0,1,10,0
76784000,1763802102282000,401540331,1162593684,58209,58209,0.25,0.5,0.29999998,0.39999998,0.0,0.0,0,0,0.089999996,-0.07,-0.06,-0.11,0.0,0,nan,nan,3,0,1,10,0
76832000,1763802102332000,401540331,1162593684,58209,58209,0.25,0.5,0.29999998,0.39999998,0.0,0.0,0,0,0.099999994,-0.08,-0.07,-0.12,0.0,0,nan,nan,3,0,1,10,0
76884000,1763802102382000,401540313,1162593689,57999,57999,0.25,0.5,0.29999998,0.39999998,0.0,0.0,0,0,0.08,-0.01,-0.08,-0.06,0.0,0,nan,nan,3,0,1,10,0
76932000,1763802102432000,401540313,1162593689,57999,57999,0.25,0.5,0.29999998,0.39999998,0.0,0.0,0,0,0.089999996,0.02,-0.089999996,-0.04,0.0,0,nan,nan,3,0,1,10,0
76984000,1763802102482000,401540313,1162593689,57999,57999,0.25,0.5,0.29999998,0.39999998,0.0,0.0,0,0,0.099999994,0.03,-0.089999996,-0.03,0.0,0,nan,nan,3,0,1,10,0
77032000,1763802102532000,401540313,1162593689,57999,57999,0.25,0.5,0.29999998,0.39999998,0.0,0.0,0,0,0.099999994,0.03,-0.089999996,-0.03,0.0,0,nan,nan,3,0,1,10,0
77084000,1763802102582000,401540331,1162593697,58017,58017,0.25,0.5,0.29999998,0.39999998,0.0,0.0,0,0,0.02,-0.02,0.02,-0.03,0.0,0,nan,nan,3,0,1,10,0
77132000,1763802102632000,401540331,1162593697,58017,58017,0.25,0.5,0.29999998,0.39999998,0.0,0.0,0,0,0.07,-0.03,0.06,-0.04,0.0,0,nan,nan,3,0,1,10,0
77184000,1763802102682000,401540331,1162593697,58017,58017,0.25,0.5,0.29999998,0.39999998,0.0,0.0,0,0,0.08,-0.04,0.07,-0.04,0.0,0,nan,nan,3,0,1,10,0
77232000,1763802102732000,401540331,1162593697,58017,58017,0.25,0.5,0.29999998,0.39999998,0.0,0.0,0,0,0.089999996,-0.04,0.08,-0.04,0.0,0,nan,nan,3,0,1,10,0
77284000,1763802102782000,401540315,1162593684,57848,57848,0.25,0.5,0.29999998,0.39999998,0.0,0.0,0,0,0.02,0.02,-0.01,0.01,0.0,0,nan,nan,3,0,1,10,0
77332000,1763802102832000,401540315,1162593684,57848,57848,0.25,0.5,0.29999998,0.39999998,0.0,0.0,0,0,0.06,0.04,-0.049999997,0.03,0.0,0,nan,nan,3,0,1,10,0
77384000,1763802102882000,401540315,1162593684,57848,57848,0.25,0.5,0.29999998,0.39999998,0.0,0.0,0,0,0.08,0.049999997,-0.06,0.04,0.0,0,nan,nan,3,0,1,10,0
77432000,1763802102932000,401540315,1162593684,57848,57848,0.25,0.5,0.29999998,0.39999998,0.0,0.0,0,0,0.089999996,0.049999997,-0.07,0.04,0.0,0,nan,nan,3,0,1,10,0
77484000,1763802102982000,401540311,1162593693,58142,58142,0.25,0.5,0.29999998,0.39999998,0.0,0.0,0,0,0.04,0.03,0.03,0.08,0.0,0,nan,nan,3,0,1,10,0
77532000,1763802103032000,401540311,1162593693,58142,58142,0.25,0.5,0.29999998,0.39999998,0.0,0.0,0,0,0.07,0.02,0.07,0.099999994,0.0,0,nan,nan,3,0,1,10,0
77584000,1763802103082000,401540311,1162593693,58142,58142,0.25,0.5,0.29999998,0.39999998,0.0,0.0,0,0,0.08,0.01,0.08,0.099999994,0.0,0,nan,nan,3,0,1,10,0
77632000,1763802103132000,401540311,1162593693,58142,58142,0.25,0.5,0.29999998,0.39999998,0.0,0.0,0,0,0.089999996,0.01,0.089999996,0.11,0.0,0,nan,nan,3,0,1,10,0
77684000,1763802103182000,401540316,1162593680,57995,57995,0.25,0.5,0.29999998,0.39999998,0.0,0.0,0,0,0.02,-0.01,0.02,0.01,0.0,0,nan,nan,3,0,1,10,0
77732000,1763802103232000,401540316,1162593680,57995,57995,0.25,0.5,0.29999998,0.39999998,0.0,0.0,0,0,0.03,-0.02,-0.01,-0.03,0.0,0,nan,nan,3,0,1,10,0
77784000,1763802103282000,401540316,1162593680,57995,57995,0.25,0.5,0.29999998,0.39999998,0.0,0.0,0,0,0.03,-0.03,-0.02,-0.04,0.0,0,nan,nan,3,0,1,10,0
77832000,1763802103332000,401540316,1162593680,57995,57995,0.25,0.5,0.29999998,0.39999998,0.0,0.0,0,0,0.04,-0.03,-0.02,-0.049999997,0.0,0,nan,nan,3,0,1,10,0
77884000,1763802103382000,401540331,1162593704,58256,58256,0.25,0.5,0.29999998,0.39999998,0.0,0.0,0,0,0.04,0.03,0.03,0.06,0.0,0,nan,nan,3,0,1,10,0
77932000,1763802103432000,401540331,1162593704,58256,58256,0.25,0.5,0.29999998,0.39999998,0.0,0.0,0,0,0.07,0.049999997,0.049999997,0.11,0.0,0,nan,nan,3,0,1,10,0
77984000,1763802103482000,401540331,1162593704,58256,58256,0.25,0.5,0.29999998,0.39999998,0.0,0.0,0,0,0.08,0.06,0.06,0.12,0.0,0,nan,nan,3,0,1,10,0
78032000,1763802103532000,401540331,1162593704,58256,58256,0.25,0.5,0.29999998,0.39999998,0.0,0.0,0,0,0.089999996,0.06,0.06,0.13,0.0,0,nan,nan,3,0,1,10,0
78084000,1763802103582000,401540319,1162593688,58100,58100,0.25,0.5,0.29999998,0.39999998,0.0,0.0,0,0,0.06,0.04,0.049999997,-0.07,0.0,0,nan,nan,3,0,1,10,0
